"","ACCS","ACOT11","ACSS3","ADAM11","ADAMTS12","ALDH1L1","ALOX12","ANGPTL2","ANK1","ANXA2","AOX1","APC","ATOH1","B3GAT1","BMP7","CA3","CALD1","CARTPT","CAV1","CBX5","CCDC8","CCK","CCND2","CD248","CD44","CD9","CDH23","CDKN1B","CDO1","CDX2","CFTR","CLDN10","CLDN9","CNN3","COL5A2","COL7A1","CRABP2","CUL1","CX3CL1","CXCL1","CYB5R2","CYBA","DAB1","DCTN1","DIXDC1","DSE","DUOX1","E2F8","EFEMP1","EFS","ENPP2","EPHX3","ESRRG","EYA4","FAIM2","FBN1","FBN2","FBXO17","FGF8","FJX1","FLOT1","FLRT2","FOXG1","GCM2","GCNT2","GFRA3","GIT1","GJA3","GLI3","GPX3","GREM1","GRHL3","GSTM2","HAAO","HES5","HIF3A","HOXA7","HOXC11","HOXC4","ICAM4","IFNGR2","IGF2BP2","IKZF1","IL1B","INA","KCNH2","KLK13","KRT7","LAMA2","LDB1","LEP","LPAR1","LRRC4","LRRFIP1","LTF","MACF1","MAGI2","MAPK10","MARVELD1","MIR9-1","MMP14","NAT8L","NDRG2","NEU1","NFATC3","NR1H3","NRG1","NSD1","NT5C1A","NUAK1","P2RX6","PAH","PAX3","PDE4B","PDGFRB","PDPN","PER1","PFKP","PHOX2A","PLTP","PON3","POU3F3","PPT2","PROM1","PYCARD","RARA","RARB","RARRES2","RBP1","REC8","RGMA","RHCG","RUSC1","SCGB3A1","SCUBE3","SEMA5A","SERPINB1","SFRP5","SIM1","SIX2","SLC13A3","SLC18A2","SLC2A2","SLC34A2","SLC4A11","SLC5A7","SLC6A3","SLCO4C1","SLFN11","SOBP","SOSTDC1","SOX1","SPARC","SPRY4","SSTR4","TAC1","TACC2","TET2","THBS4","TIAM1","TIMP2","TINAGL1","TMEM106A","TMEM176B","TP53AIP1","TUBA4B","TXNRD1","VANGL2","VIPR2","VWCE","WFDC2","WFDC5","WIF1","WIPF1","WNT16","ZFP42","ZNF154","ZSCAN12","ADHFE1","AGFG1","AKT1","APCS","ATG16L1","ATN1","BCAS1","BDH2","CADM3","CAPN2","CASP8","CATSPER1","CCL1","CCL11","CCL7","CD1C","CD1D","CD84","CDH17","CFLAR","DCC","DCD","DLC1","DLX2","E2F6","ENOSF1","ESR1","FABP1","FCRL3","FSD1","GDF5","GFM1","GRIA1","HMGCL","HTR2A","IFI16","ITGBL1","LRP1B","LUC7L3","MARCO","MARK4","MIR134","MIR488","MUC16","NUP43","PAX4","PFDN4","PHC3","PHF14","POLR3A","PPP2CB","PROKR2","PSMD8","RAB17","RFX2","SLC35B4","SPRR1B","STEAP2","TIPIN","TM9SF4","TRIM68","TYR","UBE2V2","UBE4B","VPREB1","WARS2","ZBTB32"
"ACCS",1,0.598,0.279,0.504,0.504,0.361,0.557,0.153,0.115,0.251,0.271,0.326,0.177,0.442,0.232,0.416,0.074,0.211,0.415,0.168,0.126,0.134,0.28,0.182,0.247,0.242,0.115,0.28,0.754,0.204,0.168,0.183,0.183,0.099,0.092,0.092,0.194,0.405,0.232,0.134,0.042,0.279,0.062,0.151,0.074,0.405,0.368,0.204,0.347,0.114,0.392,0.367,0.204,0.195,0.07,0.143,0.09,0.355,0.233,0.153,0.233,0.182,0.204,0.273,0.313,0.134,0.221,0.153,0.204,0.237,0.213,0.204,0.491,0.593,0.215,0.204,0.204,0.204,0.177,0.183,0.114,0.199,0.204,0.287,0.095,0.17,0.504,0.095,0.109,0.237,0.442,0.207,0.081,0.204,0.277,0.128,0.211,0.383,0.106,0.247,0.504,0.849,0.134,0.283,0.231,0.455,0.262,0.273,0.503,0.383,0.134,0.717,0.204,0.134,0.381,0.143,0.245,0.373,0.204,0.442,0.517,0.204,0.219,0.076,0.454,0.383,0.177,0.313,0.322,0.312,0.177,0.099,0.396,0.128,0.134,0.183,0.27,0.216,0.204,0.204,0.055,0.148,0.442,0.568,0.168,0.29,0.066,0.042,0.225,0.066,0.073,0.194,0.097,0.186,0.114,0.153,0.198,0.326,0.227,0.115,0.27,0.114,0.375,0.061,0.119,0.182,0.134,0.072,0.153,0.057,0.504,0.054,0.134,0.14,0.173,0.204,0.204,0.204,0.545,0.128,0.383,0.317,0.324,0.168,0.106,0.403,0.096,0.504,0.504,0.077,0.134,0.383,0.153,0.09,0.115,0.249,0.183,0.232,0.143,0.071,0.302,0.177,0.204,0.331,0.216,0.228,0.237,0.128,0.153,0.313,0.134,0.67,0.151,0.277,0.143,0.11,0.337,0.233,0.383,0.211,0.174,0.183,0.088,0.204,0.271,0.16,0.204,0.266,0.383,0.114,0.326,0.134,0.204,0.056,0.433,0.134,0.225,0.183,0.396,0.512,0.405,0.396,0.204,0.464,0.168
"ACOT11",0.598,1,0.279,0.35,0.244,0.196,0.481,0.477,0.112,0.176,0.29,0.246,0.138,0.198,0.188,0.433,0.082,0.349,0.249,0.224,0.134,0.283,0.182,0.225,0.236,0.187,0.141,0.23,0.305,0.159,0.188,0.16,0.152,0.097,0.12,0.102,0.31,0.306,0.298,0.397,0.07,0.266,0.082,0.146,0.584,0.185,0.314,0.15,0.223,0.39,0.251,0.369,0.32,0.195,0.172,0.161,0.148,0.167,0.167,0.477,0.256,0.244,0.139,0.148,0.282,0.312,0.292,0.214,0.219,0.198,0.263,0.163,0.307,0.288,0.235,0.2,0.177,0.162,0.12,0.243,0.355,0.202,0.147,0.279,0.091,0.175,0.252,0.106,0.241,0.172,0.283,0.365,0.147,0.137,0.247,0.254,0.327,0.458,0.152,0.266,0.202,0.488,0.334,0.158,0.305,0.275,0.331,0.152,0.326,0.418,0.312,0.238,0.16,0.295,0.285,0.258,0.28,0.249,0.139,0.188,0.296,0.158,0.641,0.125,0.31,0.283,0.361,0.255,0.199,0.181,0.216,0.15,0.241,0.215,0.354,0.25,0.201,0.368,0.2,0.151,0.071,0.154,0.157,0.186,0.189,0.183,0.089,0.07,0.237,0.087,0.251,0.172,0.174,0.233,0.357,0.367,0.168,0.18,0.242,0.327,0.205,0.154,0.299,0.12,0.173,0.225,0.39,0.129,0.425,0.197,0.2,0.15,0.31,0.127,0.255,0.147,0.2,0.2,0.226,0.098,0.299,0.206,0.159,0.134,0.152,0.257,0.099,0.204,0.288,0.115,0.304,0.322,0.318,0.179,0.173,0.272,0.229,0.242,0.139,0.15,0.239,0.193,0.137,0.265,0.296,0.202,0.313,0.21,0.326,0.23,0.352,0.266,0.394,0.259,0.268,0.098,0.17,0.33,0.29,0.229,0.256,0.243,0.13,0.158,0.205,0.172,0.222,0.23,0.252,0.311,0.201,0.159,0.119,0.06,0.149,0.159,0.235,0.23,0.276,0.237,0.229,0.31,0.228,0.16,0.229
"ACSS3",0.279,0.279,1,0.141,0.163,0.334,0.437,0.129,0.101,0.269,0.24,0.153,0.199,0.288,0.243,0.372,0.068,0.129,0.243,0.19,0.109,0.118,0.131,0.128,0.153,0.206,0.099,0.187,0.456,0.225,0.143,0.153,0.153,0.087,0.08,0.08,0.222,0.167,0.243,0.118,0.025,0.367,0.056,0.126,0.067,0.263,0.367,0.225,0.222,0.1,0.178,0.327,0.225,0.121,0.064,0.121,0.067,0.164,0.121,0.129,0.243,0.128,0.225,0.303,0.274,0.118,0.12,0.129,0.225,0.21,0.199,0.225,0.371,0.34,0.225,0.225,0.225,0.225,0.199,0.153,0.1,0.171,0.225,0.249,0.084,0.197,0.141,0.084,0.096,0.216,0.285,0.147,0.073,0.225,0.243,0.111,0.143,0.167,0.092,0.232,0.141,0.237,0.118,0.125,0.225,0.276,0.187,0.222,0.249,0.167,0.118,0.432,0.225,0.118,0.198,0.121,0.214,0.245,0.225,0.206,0.252,0.225,0.316,0.055,0.465,0.269,0.199,0.191,0.233,0.171,0.199,0.087,0.161,0.111,0.118,0.153,0.12,0.232,0.225,0.225,0.051,0.191,0.206,0.165,0.143,0.372,0.061,0.025,0.256,0.046,0.067,0.222,0.067,0.088,0.1,0.129,0.163,0.276,0.104,0.1,0.12,0.1,0.318,0.047,0.102,0.128,0.118,0.066,0.129,0.038,0.141,0.039,0.118,0.119,0.121,0.225,0.225,0.225,0.25,0.103,0.301,0.163,0.274,0.19,0.092,0.316,0.083,0.163,0.163,0.07,0.118,0.167,0.129,0.065,0.099,0.088,0.153,0.243,0.121,0.065,0.127,0.199,0.225,0.152,0.232,0.105,0.106,0.111,0.129,0.283,0.118,1,0.203,0.199,0.121,0.095,0.178,0.109,0.167,0.184,0.13,0.153,0.077,0.225,0.163,0.187,0.225,0.307,0.243,0.1,0.139,0.115,0.225,0.052,0.185,0.115,0.246,0.153,0.243,0.31,0.177,0.161,0.134,0.267,0.19
"ADAM11",0.504,0.35,0.141,1,0.321,0.12,0.198,0.446,0.172,0.181,0.248,0.245,0.166,0.224,0.198,0.173,0.101,0.313,0.247,0.216,0.114,0.337,0.179,0.254,0.237,0.201,0.198,0.248,0.27,0.185,0.209,0.168,0.137,0.085,0.139,0.104,0.33,0.328,0.258,0.374,0.259,0.237,0.125,0.181,0.592,0.205,0.318,0.148,0.248,0.339,0.237,0.201,0.193,0.196,0.187,0.181,0.164,0.261,0.209,0.446,0.242,0.27,0.136,0.151,0.289,0.316,0.251,0.248,0.225,0.182,0.239,0.145,0.204,0.21,0.251,0.185,0.164,0.147,0.153,0.231,0.365,0.198,0.128,0.251,0.104,0.178,1,0.141,0.249,0.178,0.253,0.298,0.178,0.093,0.228,0.279,0.336,0.4,0.212,0.233,0.34,0.412,0.31,0.128,0.286,0.222,0.335,0.14,0.177,0.367,0.333,0.161,0.168,0.26,0.28,0.239,0.241,0.128,0.137,0.281,0.222,0.175,0.151,0.154,0.267,0.251,0.329,0.234,0.166,0.172,0.2,0.162,0.473,0.182,0.318,0.247,0.176,0.346,0.185,0.171,0.169,0.205,0.226,0.335,0.252,0.233,0.198,0.259,0.217,0.162,0.208,0.153,0.147,0.22,0.311,0.321,0.166,0.186,0.346,0.272,0.27,0.281,0.28,0.131,0.154,0.243,0.337,0.214,0.385,0.194,0.353,0.175,0.332,0.113,0.25,0.145,0.185,0.185,0.117,0.148,0.296,0.207,0.143,0.147,0.212,0.157,0.088,0.363,0.359,0.163,0.283,0.29,0.292,0.186,0.175,0.245,0.296,0.232,0.132,0.166,0.227,0.191,0.093,0.335,0.277,0.256,0.306,0.178,0.304,0.349,0.309,0.206,0.331,0.227,0.317,0.246,0.146,0.411,0.278,0.166,0.156,0.231,0.279,0.161,0.212,0.142,0.204,0.196,0.281,0.29,0.492,0.213,0.109,0.096,0.195,0.246,0.197,0.27,0.331,0.185,0.273,0.352,0.26,0.132,0.189
"ADAMTS12",0.504,0.244,0.163,0.321,1,0.136,0.206,0.253,0.143,0.23,0.332,0.372,0.182,0.165,0.331,0.232,0.125,0.276,0.265,0.197,0.146,0.281,0.184,0.27,0.469,0.306,0.144,0.263,0.202,0.207,0.207,0.229,0.227,0.147,0.299,0.225,0.259,0.328,0.405,0.351,0.112,0.224,0.151,0.191,0.341,0.187,0.334,0.201,0.283,0.329,0.33,0.211,0.201,0.245,0.218,0.317,0.239,0.32,0.307,0.253,0.264,0.358,0.124,0.155,0.36,0.26,0.274,0.159,0.262,0.17,0.391,0.176,0.215,0.175,0.341,0.185,0.259,0.149,0.113,0.717,0.299,0.194,0.153,0.335,0.128,0.175,1,0.149,0.265,0.26,0.277,0.301,0.164,0.097,0.251,0.28,0.385,0.303,0.2,0.353,0.494,0.412,0.25,0.114,0.242,0.283,0.297,0.125,0.177,0.341,0.236,0.152,0.167,0.313,0.332,0.339,0.28,0.127,0.142,0.165,0.202,0.189,0.151,0.146,0.337,0.29,0.302,0.256,0.098,0.183,0.254,0.134,0.473,0.195,0.293,0.329,0.184,0.349,0.185,0.291,0.068,0.135,0.142,0.266,0.207,0.17,0.105,0.112,0.206,0.11,0.32,0.26,0.217,0.326,0.245,0.225,0.209,0.203,0.289,0.391,0.3,0.23,0.257,0.159,0.198,0.195,0.252,0.231,0.269,0.167,0.257,0.104,0.284,0.169,0.281,0.165,0.185,0.185,0.118,0.138,0.336,0.302,0.166,0.144,0.2,0.182,0.13,0.416,0.42,0.146,0.418,0.459,0.435,0.122,0.191,0.219,0.306,0.244,0.268,0.112,0.332,0.24,0.097,0.335,0.286,0.204,0.268,0.188,0.408,0.349,0.241,0.169,0.229,0.287,0.393,0.107,0.123,0.263,0.278,0.178,0.213,0.717,0.202,0.158,0.221,0.151,0.28,0.151,0.306,0.211,0.812,0.19,0.133,0.058,0.203,0.202,0.197,0.216,0.272,0.133,0.232,0.341,0.161,0.111,0.158
"ALDH1L1",0.361,0.196,0.334,0.12,0.136,1,0.222,0.224,0.131,0.11,0.381,0.128,0.102,0.19,0.091,0.474,0.08,0.113,0.1,0.136,0.13,0.122,0.127,0.194,0.129,0.15,0.1,0.133,0.244,0.117,0.094,0.156,0.175,0.12,0.095,0.106,0.127,0.172,0.108,0.119,0.055,0.184,0.074,0.117,0.112,0.218,0.191,0.119,0.103,0.137,0.172,0.322,0.123,0.138,0.077,0.086,0.068,0.21,0.091,0.224,0.106,0.146,0.113,0.129,0.113,0.117,0.111,0.181,0.093,0.241,0.096,0.106,0.165,0.246,0.11,0.136,0.098,0.121,0.091,0.27,0.102,0.147,0.114,0.098,0.096,0.088,0.167,0.111,0.1,0.12,0.116,0.115,0.093,0.126,0.094,0.103,0.115,0.14,0.159,0.118,0.129,0.257,0.124,0.172,0.126,0.099,0.118,0.121,0.297,0.148,0.125,0.265,0.126,0.103,0.112,0.11,0.103,0.278,0.126,0.105,0.379,0.094,0.148,0.071,0.108,0.123,0.139,0.104,0.145,0.164,0.106,0.095,0.234,0.128,0.12,0.103,0.139,0.141,0.136,0.116,0.061,0.102,0.13,0.121,0.111,0.154,0.065,0.055,0.131,0.065,0.074,0.138,0.083,0.079,0.12,0.124,0.191,0.258,0.107,0.108,0.134,0.161,0.149,0.062,0.186,0.204,0.152,0.069,0.17,0.074,0.112,0.052,0.102,0.149,0.117,0.128,0.136,0.136,0.366,0.103,0.124,0.11,0.235,0.12,0.159,0.235,0.124,0.172,0.131,0.078,0.096,0.114,0.108,0.084,0.091,0.099,0.14,0.101,0.105,0.075,0.105,0.12,0.126,0.18,0.116,0.098,0.093,0.13,0.119,0.176,0.13,0.355,0.103,0.113,0.164,0.11,0.202,0.13,0.134,0.124,0.104,0.27,0.134,0.121,0.207,0.11,0.128,0.138,0.156,0.128,0.197,0.118,0.109,0.071,0.163,0.128,0.162,0.14,0.143,0.165,0.203,0.176,0.134,0.192,0.117
"ALOX12",0.557,0.481,0.437,0.198,0.206,0.222,1,0.212,0.098,0.16,0.342,0.206,0.176,0.295,0.235,0.437,0.084,0.166,0.216,0.12,0.108,0.148,0.195,0.168,0.222,0.257,0.119,0.182,0.289,0.194,0.167,0.153,0.156,0.09,0.158,0.095,0.161,0.193,0.177,0.163,0.062,0.282,0.097,0.144,0.111,0.197,0.29,0.181,0.19,0.117,0.234,0.623,0.151,0.188,0.239,0.188,0.139,0.167,0.215,0.212,0.15,0.189,0.163,0.195,0.212,0.181,0.176,0.133,0.181,0.186,0.219,0.148,0.41,0.266,0.205,0.183,0.173,0.157,0.136,0.263,0.111,0.192,0.16,0.196,0.107,0.12,0.476,0.121,0.158,0.17,0.245,0.164,0.097,0.128,0.189,0.135,0.162,0.179,0.243,0.227,0.224,0.432,0.16,0.182,0.178,0.236,0.202,0.136,0.225,0.195,0.132,0.316,0.2,0.132,0.217,0.238,0.157,0.227,0.146,0.329,0.291,0.234,0.22,0.13,0.211,0.175,0.178,0.237,0.262,0.175,0.111,0.122,0.339,0.14,0.135,0.2,0.131,0.211,0.183,0.217,0.049,0.125,0.244,0.21,0.145,0.175,0.079,0.062,0.14,0.123,0.108,0.167,0.13,0.154,0.112,0.133,0.194,0.221,0.125,0.135,0.123,0.145,0.196,0.114,0.417,0.172,0.149,0.108,0.154,0.083,0.192,0.048,0.184,0.116,0.193,0.173,0.183,0.183,0.277,0.102,0.2,0.187,0.185,0.17,0.243,0.334,0.085,0.207,0.257,0.082,0.121,0.154,0.132,0.079,0.116,0.134,0.175,0.257,0.143,0.062,0.203,0.189,0.128,0.494,0.151,0.19,0.129,0.132,0.169,0.226,0.132,0.429,0.152,0.173,0.133,0.088,0.182,0.133,0.205,0.154,0.147,0.263,0.112,0.178,0.178,0.151,0.208,0.169,0.188,0.119,0.245,0.127,0.126,0.044,0.219,0.11,0.164,0.15,0.173,0.209,0.213,0.194,0.146,0.182,0.146
"ANGPTL2",0.153,0.477,0.129,0.446,0.253,0.224,0.212,1,0.22,0.187,0.201,0.346,0.169,0.126,0.267,0.255,0.149,1,0.406,0.224,0.236,0.513,0.204,0.34,0.346,0.346,0.241,0.254,0.129,0.283,0.306,0.346,0.346,0.195,0.198,0.198,0.513,0.367,1,0.513,0.083,0.243,0.144,0.307,0.537,0.139,0.339,0.254,0.39,0.477,0.247,0.176,0.28,0.283,0.214,0.283,0.164,0.107,0.267,1,0.446,0.34,0.08,0.173,0.267,0.513,0.344,1,0.446,0.191,0.513,0.146,0.183,0.236,0.446,0.077,0.134,0.176,0.106,0.346,0.477,0.156,0.146,1,0.183,0.203,0.093,0.183,0.264,0.197,0.353,0.477,0.46,0.077,0.29,0.332,0.513,0.513,0.214,0.256,0.264,0.15,0.513,0.085,0.348,0.343,0.695,0.094,0.155,0.477,0.513,0.178,0.254,0.513,0.513,0.404,0.256,0.169,0.171,0.145,0.203,0.204,0.059,0.123,0.513,0.446,0.513,0.234,0.141,0.27,0.267,0.195,0.145,0.243,0.513,1,0.254,0.537,0.077,0.39,0.118,0.623,0.15,0.13,0.306,0.587,0.276,0.083,0.224,0.119,0.332,0.283,0.176,0.243,0.477,1,0.39,0.167,0.224,0.446,0.119,0.207,0.34,0.102,0.254,0.34,0.513,0.316,1,0.102,0.093,0.087,0.513,0.274,0.537,0.27,0.077,0.077,0.169,0.183,0.513,0.39,0.207,0.213,0.214,0.195,0.212,0.163,0.406,0.139,0.513,0.513,1,0.156,0.241,0.217,0.446,0.256,0.283,0.133,0.322,0.283,0.077,0.093,0.513,0.148,0.477,0.243,1,0.099,0.623,0.129,0.623,0.338,0.446,0.226,0.136,0.477,0.477,0.162,0.156,0.346,0.185,0.176,0.39,0.056,0.307,0.099,0.307,0.477,0.098,0.26,0.127,0.123,0.143,0.26,0.283,0.346,0.256,0.234,0.145,0.358,0.156,0.079,0.145
"ANK1",0.115,0.112,0.101,0.172,0.143,0.131,0.098,0.22,1,0.205,0.153,0.16,0.113,0.074,0.097,0.186,0.204,0.134,0.162,0.221,0.339,0.146,0.113,0.236,0.135,0.206,0.137,0.163,0.078,0.114,0.214,0.238,0.222,0.27,0.171,0.172,0.152,0.098,0.124,0.196,0.217,0.15,0.095,0.324,0.113,0.09,0.109,0.106,0.071,0.172,0.147,0.131,0.069,0.138,0.078,0.112,0.083,0.067,0.089,0.22,0.218,0.204,0.048,0.09,0.102,0.135,0.193,0.294,0.079,0.11,0.109,0.151,0.125,0.113,0.122,0.06,0.073,0.093,0.054,0.274,0.113,0.078,0.083,0.1,0.253,0.179,0.06,0.263,0.133,0.146,0.107,0.131,0.237,0.046,0.096,0.28,0.22,0.13,0.154,0.125,0.214,0.107,0.144,0.049,0.078,0.132,0.144,0.051,0.08,0.131,0.173,0.1,0.111,0.123,0.123,0.137,0.13,0.102,0.094,0.185,0.12,0.082,0.048,0.074,0.119,0.131,0.139,0.07,0.132,0.213,0.067,0.173,0.1,0.177,0.14,0.138,0.128,0.178,0.06,0.137,0.183,0.281,0.186,0.135,0.245,0.287,0.222,0.217,0.18,0.063,0.08,0.201,0.094,0.066,0.131,0.145,0.358,0.098,0.116,0.147,0.066,0.755,0.133,0.062,0.176,0.359,0.16,0.174,0.184,0.064,0.054,0.052,0.117,0.301,0.123,0.136,0.06,0.06,0.088,0.307,0.127,0.136,0.158,0.113,0.154,0.138,0.126,0.207,0.112,0.145,0.107,0.183,0.191,0.089,0.103,0.114,0.21,0.125,0.159,0.08,0.185,0.125,0.046,0.06,0.148,0.13,0.109,0.279,0.139,0.076,0.144,0.084,0.119,0.078,0.189,0.31,0.102,0.242,0.307,0.094,0.072,0.274,0.6,0.097,0.243,0.046,0.132,0.059,0.125,0.136,0.074,0.385,0.15,0.148,0.083,0.425,0.15,0.39,0.123,0.113,0.08,0.09,0.094,0.05,0.081
"ANXA2",0.251,0.176,0.269,0.181,0.23,0.11,0.16,0.187,0.205,1,0.197,0.296,0.354,0.116,0.354,0.22,0.22,0.261,0.32,0.274,0.169,0.223,0.234,0.146,0.221,0.241,0.113,0.284,0.118,0.353,0.277,0.177,0.131,0.158,0.202,0.161,0.286,0.176,0.286,0.227,0.193,0.267,0.125,0.271,0.174,0.128,0.215,0.367,0.26,0.158,0.219,0.296,0.313,0.255,0.169,0.23,0.219,0.137,0.338,0.187,0.41,0.198,0.272,0.297,0.279,0.236,0.237,0.149,0.349,0.095,0.379,0.348,0.16,0.159,0.421,0.839,0.39,0.307,0.26,0.219,0.148,0.273,0.296,0.34,0.157,0.244,0.344,0.173,0.253,0.408,0.289,0.267,0.182,0.231,0.272,0.254,0.297,0.202,0.299,0.301,0.288,0.169,0.202,0.069,0.313,0.369,0.329,0.295,0.147,0.216,0.184,0.147,0.339,0.193,0.35,0.266,0.319,0.1,0.327,0.198,0.114,0.362,0.266,0.185,0.293,0.413,0.34,0.208,0.11,0.186,0.227,0.165,0.194,0.223,0.207,0.28,0.173,0.264,0.839,0.308,0.099,0.204,0.14,0.145,0.203,0.194,0.159,0.193,0.212,0.13,0.159,0.409,0.204,0.197,0.15,0.137,0.193,0.316,0.244,0.322,0.194,0.454,0.266,0.159,0.156,0.184,0.185,0.173,0.186,0.073,0.125,0.048,0.25,0.155,0.259,0.248,0.839,0.839,0.082,0.175,0.289,0.248,0.159,0.243,0.299,0.16,0.067,0.242,0.316,0.124,0.185,0.241,0.203,0.101,0.138,0.21,0.241,0.279,0.219,0.058,0.287,0.381,0.231,0.176,0.362,0.159,0.224,0.205,0.226,0.393,0.177,0.123,0.179,0.337,0.143,0.147,0.148,0.274,0.3,0.191,0.15,0.219,0.301,0.28,0.2,0.644,0.306,0.217,0.252,0.153,0.364,0.31,0.27,0.071,0.164,0.194,0.243,0.218,0.238,0.135,0.214,0.166,0.106,0.13,0.256
"AOX1",0.271,0.29,0.24,0.248,0.332,0.381,0.342,0.201,0.153,0.197,1,0.307,0.123,0.188,0.332,0.433,0.107,0.318,0.32,0.307,0.168,0.318,0.173,0.203,0.316,0.301,0.162,0.332,0.232,0.193,0.307,0.237,0.237,0.138,0.134,0.134,0.318,0.236,0.367,0.318,0.045,0.393,0.098,0.204,0.19,0.254,0.342,0.169,0.197,0.279,0.25,0.309,0.242,0.193,0.139,0.193,0.15,0.248,0.248,0.201,0.307,0.248,0.144,0.193,0.248,0.318,0.259,0.201,0.248,0.33,0.318,0.144,0.814,0.234,0.248,0.144,0.144,0.144,0.123,0.237,0.307,0.135,0.144,0.78,0.132,0.78,0.141,0.132,0.167,0.211,0.342,0.367,0.117,0.144,0.201,0.172,0.318,0.318,0.148,0.206,0.188,0.251,0.318,0.155,0.183,0.31,0.279,0.158,0.279,0.279,0.318,0.312,0.169,0.78,0.367,0.205,0.18,0.293,0.144,0.188,0.346,0.15,0.114,0.085,0.332,0.329,0.318,0.27,0.239,0.302,0.248,0.138,0.233,0.172,0.318,0.367,0.169,0.318,0.144,0.259,0.085,0.205,0.188,0.201,0.386,0.231,0.1,0.045,0.307,0.071,0.181,0.193,0.107,0.185,0.279,0.248,0.259,0.246,0.307,0.248,0.24,0.151,0.203,0.069,0.169,0.204,0.318,0.119,0.318,0.106,0.141,0.12,0.318,0.188,0.29,0.191,0.144,0.144,0.272,0.132,0.342,0.259,0.325,0.148,0.148,0.281,0.141,0.268,0.245,0.105,0.332,0.332,0.332,0.208,0.208,0.173,0.248,0.17,0.193,0.135,0.186,0.193,0.144,0.14,0.318,0.332,0.279,0.172,0.248,0.181,0.318,0.24,0.484,0.332,0.248,0.155,0.23,0.279,0.279,0.163,0.163,0.237,0.127,0.144,0.259,0.11,0.204,0.185,0.218,0.279,0.175,0.18,0.144,0.087,0.245,0.24,0.193,0.237,0.233,0.191,0.302,0.248,0.208,0.147,0.117
"APC",0.326,0.246,0.153,0.245,0.372,0.128,0.206,0.346,0.16,0.296,0.307,1,0.313,0.094,0.463,0.306,0.18,0.295,0.387,0.214,0.221,0.302,0.352,0.249,0.417,0.298,0.19,0.541,0.116,0.315,0.252,0.291,0.287,0.179,0.269,0.183,0.268,0.3,0.409,0.379,0.112,0.264,0.205,0.335,0.619,0.109,0.307,0.311,0.249,0.27,0.311,0.211,0.207,0.313,0.299,0.336,0.263,0.177,0.462,0.346,0.315,0.269,0.182,0.213,0.395,0.348,0.342,0.164,0.313,0.116,0.435,0.229,0.173,0.151,0.481,0.221,0.284,0.207,0.184,1,0.208,0.273,0.184,0.379,0.182,0.187,0.492,0.188,0.333,0.366,0.351,0.343,0.242,0.098,0.313,0.364,0.37,0.289,0.664,0.378,0.421,0.227,0.288,0.073,0.215,0.297,0.436,0.139,0.116,0.341,0.242,0.127,0.259,0.293,0.417,0.452,0.252,0.104,0.204,0.152,0.132,0.331,0.102,0.197,0.359,0.328,0.331,0.28,0.095,0.227,0.127,0.18,0.258,0.278,0.267,0.441,0.173,0.431,0.221,0.378,0.079,0.152,0.11,0.13,0.231,0.176,0.134,0.112,0.296,0.181,0.268,0.324,0.299,0.296,0.204,0.209,0.278,0.205,0.328,0.459,0.166,0.244,0.254,0.21,0.494,0.243,0.246,0.25,0.251,0.134,0.138,0.064,0.395,0.222,0.346,0.215,0.221,0.221,0.097,0.156,0.412,0.279,0.154,0.228,0.664,0.177,0.14,0.242,0.397,0.184,0.285,0.369,0.332,0.12,0.195,0.248,0.402,0.353,0.287,0.082,0.447,0.363,0.098,0.293,0.256,0.209,0.262,0.285,0.32,0.264,0.233,0.112,0.206,0.273,0.308,0.116,0.115,0.279,0.465,0.254,0.142,1,0.228,0.22,0.239,0.239,0.356,0.121,0.236,0.205,1,0.274,0.177,0.063,0.177,0.142,0.302,0.297,0.202,0.134,0.19,0.264,0.105,0.069,0.187
"ATOH1",0.177,0.138,0.199,0.166,0.182,0.102,0.176,0.169,0.113,0.354,0.123,0.313,1,0.115,0.456,0.148,0.249,0.19,0.192,0.296,0.13,0.401,0.176,0.175,0.206,0.249,0.126,0.254,0.103,0.595,0.19,0.132,0.135,0.274,0.406,0.28,0.352,0.113,0.23,0.305,0.042,0.167,0.462,0.288,0.142,0.117,0.268,0.499,0.429,0.135,0.175,0.204,0.406,0.417,0.39,0.398,0.422,0.082,0.498,0.169,0.224,0.292,0.593,0.536,0.354,0.547,0.264,0.126,0.454,0.079,0.353,0.447,0.12,0.146,0.503,0.839,0.463,0.569,0.47,0.203,0.123,0.489,0.446,0.242,0.34,0.157,0.157,0.328,0.397,0.614,0.211,0.309,0.271,0.321,0.228,0.251,0.266,0.173,0.571,0.256,0.303,0.115,0.37,0.056,0.427,0.26,0.388,0.353,0.139,0.178,0.167,0.14,0.571,0.139,0.281,0.292,0.28,0.086,0.703,0.105,0.103,0.531,0.21,0.37,0.185,0.366,0.513,0.237,0.063,0.171,0.302,0.188,0.103,0.22,0.289,0.356,0.125,0.277,0.839,0.412,0.063,0.09,0.081,0.085,0.136,0.129,0.184,0.042,0.178,0.468,0.237,0.588,0.312,0.385,0.128,0.127,0.349,0.459,0.184,0.308,0.113,0.126,0.238,0.402,0.135,0.188,0.167,0.263,0.17,0.063,0.133,0.045,0.375,0.131,0.413,0.408,0.839,0.839,0.064,0.206,0.218,0.161,0.116,0.584,0.571,0.242,0.079,0.123,0.243,0.129,0.12,0.178,0.142,0.095,0.173,0.14,0.286,0.358,0.455,0.058,0.288,0.702,0.321,0.105,0.351,0.093,0.19,0.168,0.314,0.291,0.142,0.112,0.141,0.307,0.134,0.081,0.127,0.21,0.358,0.166,0.12,0.203,0.099,0.565,0.174,0.644,0.411,0.207,0.193,0.142,0.118,0.255,0.364,0.046,0.316,0.098,0.223,0.146,0.183,0.142,0.173,0.102,0.1,0.136,0.268
"B3GAT1",0.442,0.198,0.288,0.224,0.165,0.19,0.295,0.126,0.074,0.116,0.188,0.094,0.115,1,0.084,0.24,0.06,0.097,0.091,0.163,0.078,0.102,0.12,0.213,0.094,0.109,0.079,0.109,0.286,0.146,0.063,0.1,0.106,0.07,0.065,0.076,0.161,0.2,0.08,0.079,0.062,0.162,0.062,0.075,0.062,0.49,0.148,0.137,0.139,0.082,0.159,0.299,0.197,0.12,0.057,0.069,0.067,0.306,0.09,0.126,0.096,0.144,0.197,0.184,0.192,0.089,0.081,0.114,0.117,0.141,0.082,0.159,0.149,0.183,0.089,0.257,0.14,0.195,0.146,0.136,0.071,0.22,0.161,0.108,0.066,0.072,0.476,0.075,0.067,0.158,0.116,0.085,0.053,0.227,0.099,0.062,0.078,0.151,0.081,0.129,0.176,0.4,0.088,0.388,0.206,0.12,0.091,0.209,0.232,0.14,0.089,0.311,0.174,0.086,0.101,0.067,0.155,0.287,0.174,0.221,0.183,0.134,0.226,0.06,0.104,0.153,0.135,0.132,0.184,0.164,0.162,0.076,0.339,0.076,0.073,0.062,0.166,0.107,0.257,0.099,0.051,0.076,0.317,0.257,0.081,0.153,0.061,0.062,0.16,0.075,0.049,0.158,0.081,0.081,0.07,0.093,0.124,0.293,0.093,0.062,0.161,0.08,0.299,0.059,0.097,0.194,0.092,0.058,0.106,0.083,0.258,0.058,0.079,0.088,0.094,0.151,0.257,0.257,0.23,0.094,0.106,0.127,0.23,0.146,0.081,0.216,0.074,0.292,0.151,0.063,0.073,0.092,0.069,0.082,0.076,0.122,0.089,0.083,0.061,0.058,0.087,0.125,0.227,0.715,0.149,0.097,0.085,0.074,0.068,0.437,0.08,0.448,0.078,0.126,0.095,0.075,0.271,0.109,0.113,0.175,0.154,0.136,0.07,0.186,0.175,0.228,0.119,0.257,0.206,0.116,0.245,0.064,0.138,0.041,0.23,0.086,0.159,0.085,0.173,0.176,0.272,0.222,0.232,0.319,0.204
"BMP7",0.232,0.188,0.243,0.198,0.331,0.091,0.235,0.267,0.097,0.354,0.332,0.463,0.456,0.084,1,0.197,0.212,0.272,0.354,0.218,0.144,0.308,0.204,0.16,0.442,0.258,0.15,0.426,0.089,0.441,0.276,0.163,0.161,0.208,0.324,0.233,0.351,0.152,0.394,0.38,0.05,0.216,0.253,0.318,0.329,0.08,0.322,0.422,0.346,0.174,0.192,0.275,0.246,0.377,0.354,0.415,0.396,0.074,0.565,0.267,0.365,0.333,0.352,0.338,0.471,0.385,0.354,0.122,0.424,0.087,0.506,0.344,0.163,0.129,0.531,0.784,0.377,0.351,0.283,0.586,0.186,0.39,0.314,0.447,0.223,0.192,0.257,0.246,0.386,0.442,0.38,0.373,0.226,0.152,0.386,0.275,0.396,0.227,0.486,0.419,0.362,0.148,0.317,0.049,0.309,0.338,0.49,0.191,0.096,0.26,0.205,0.103,0.418,0.241,0.412,0.402,0.319,0.075,0.318,0.117,0.109,0.474,0.223,0.266,0.345,0.419,0.433,0.302,0.064,0.179,0.212,0.199,0.155,0.221,0.295,0.43,0.123,0.428,0.784,0.44,0.058,0.117,0.078,0.101,0.181,0.128,0.181,0.05,0.192,0.319,0.271,0.415,0.291,0.41,0.173,0.167,0.265,0.303,0.233,0.365,0.135,0.153,0.271,0.315,0.366,0.179,0.196,0.291,0.206,0.097,0.134,0.056,0.402,0.115,0.414,0.286,0.784,0.784,0.057,0.164,0.395,0.214,0.102,0.346,0.486,0.214,0.095,0.156,0.396,0.137,0.235,0.3,0.256,0.103,0.211,0.203,0.386,0.404,0.321,0.064,0.413,0.487,0.152,0.181,0.369,0.196,0.252,0.183,0.401,0.314,0.19,0.09,0.197,0.374,0.176,0.075,0.087,0.238,0.392,0.207,0.137,0.586,0.129,0.383,0.159,1,0.404,0.154,0.23,0.174,0.138,0.25,0.231,0.04,0.247,0.115,0.242,0.187,0.206,0.13,0.141,0.133,0.107,0.069,0.213
"CA3",0.416,0.433,0.372,0.173,0.232,0.474,0.437,0.255,0.186,0.22,0.433,0.306,0.148,0.24,0.197,1,0.128,0.255,0.339,0.193,0.207,0.202,0.198,0.284,0.306,0.316,0.207,0.237,0.366,0.247,0.272,0.306,0.306,0.169,0.169,0.169,0.202,0.292,0.306,0.207,0.058,0.503,0.12,0.266,0.133,0.296,0.437,0.218,0.232,0.192,0.244,0.502,0.161,0.247,0.118,0.247,0.126,0.219,0.181,0.255,0.22,0.284,0.161,0.223,0.195,0.202,0.193,0.255,0.166,0.404,0.202,0.161,0.388,0.353,0.306,0.161,0.161,0.161,0.136,0.306,0.182,0.164,0.161,0.255,0.16,0.176,0.173,0.16,0.172,0.25,0.437,0.285,0.143,0.161,0.255,0.214,0.202,0.254,0.185,0.248,0.24,0.403,0.202,0.175,0.203,0.282,0.342,0.179,0.351,0.254,0.202,0.378,0.218,0.202,0.309,0.247,0.166,0.356,0.161,0.24,0.428,0.181,0.159,0.1,0.357,0.254,0.247,0.34,0.404,0.262,0.136,0.169,0.29,0.214,0.202,0.306,0.218,0.342,0.161,0.342,0.1,0.234,0.24,0.193,0.272,0.272,0.12,0.058,0.193,0.09,0.115,0.247,0.141,0.121,0.182,0.255,0.342,0.29,0.193,0.207,0.171,0.183,0.284,0.081,0.218,0.284,0.202,0.119,0.255,0.078,0.173,0.069,0.202,0.24,0.224,0.239,0.161,0.161,0.461,0.16,0.437,0.342,0.403,0.184,0.185,0.336,0.18,0.232,0.272,0.122,0.202,0.306,0.255,0.126,0.207,0.186,0.306,0.218,0.247,0.116,0.218,0.247,0.161,0.173,0.202,0.15,0.182,0.214,0.255,0.207,0.202,0.372,0.166,0.298,0.247,0.195,0.278,0.195,0.254,0.197,0.197,0.306,0.159,0.161,0.342,0.119,0.266,0.21,0.266,0.182,0.202,0.227,0.161,0.104,0.296,0.227,0.247,0.306,0.29,0.235,0.292,0.29,0.179,0.214,0.133
"CALD1",0.074,0.082,0.068,0.101,0.125,0.08,0.084,0.149,0.204,0.22,0.107,0.18,0.249,0.06,0.212,0.128,1,0.095,0.099,0.16,0.267,0.165,0.069,0.157,0.105,0.171,0.096,0.111,0.056,0.24,0.127,0.166,0.189,0.464,0.318,0.281,0.136,0.059,0.104,0.21,0.041,0.111,0.235,0.23,0.067,0.06,0.134,0.247,0.154,0.094,0.084,0.087,0.056,0.227,0.18,0.25,0.255,0.043,0.261,0.149,0.123,0.268,0.148,0.149,0.132,0.306,0.131,0.128,0.144,0.07,0.194,0.265,0.062,0.065,0.197,0.035,0.241,0.191,0.184,0.181,0.073,0.209,0.144,0.089,0.361,0.062,0.053,0.366,0.187,0.17,0.139,0.164,0.221,0.03,0.088,0.167,0.107,0.09,0.273,0.116,0.169,0.061,0.204,0.041,0.11,0.061,0.178,0.037,0.045,0.085,0.11,0.059,0.193,0.076,0.212,0.192,0.089,0.065,0.143,0.076,0.082,0.165,0.029,0.237,0.083,0.078,0.151,0.089,0.053,0.172,0.042,0.091,0.051,0.178,0.111,0.207,0.077,0.158,0.035,0.254,0.053,0.06,0.057,0.052,0.08,0.088,0.106,0.041,0.118,0.277,0.115,0.239,0.309,0.174,0.082,0.095,0.328,0.128,0.187,0.154,0.05,0.109,0.085,0.287,0.114,0.266,0.11,0.286,0.121,0.056,0.084,0.048,0.3,0.41,0.15,0.177,0.035,0.035,0.052,0.262,0.08,0.11,0.155,0.208,0.273,0.102,0.08,0.15,0.149,0.093,0.065,0.128,0.123,0.066,0.087,0.067,0.236,0.158,0.169,0.057,0.259,0.194,0.03,0.053,0.078,0.057,0.072,0.222,0.138,0.045,0.087,0.065,0.067,0.075,0.109,0.078,0.149,0.125,0.251,0.067,0.063,0.181,0.081,0.289,0.159,0.028,0.171,0.054,0.068,0.102,0.042,0.19,0.233,0.046,0.171,0.089,0.088,0.134,0.054,0.08,0.048,0.055,0.079,0.033,0.076
"CARTPT",0.211,0.349,0.129,0.313,0.276,0.113,0.166,1,0.134,0.261,0.318,0.295,0.19,0.097,0.272,0.255,0.095,1,0.316,0.202,0.139,0.395,0.314,0.182,0.32,0.2,0.207,0.307,0.111,0.208,0.271,0.194,0.162,0.107,0.173,0.113,0.366,0.306,0.393,0.402,0.165,0.276,0.103,0.225,0.704,0.097,0.265,0.196,0.297,0.363,0.239,0.176,0.281,0.229,0.222,0.286,0.192,0.109,0.289,1,0.366,0.243,0.144,0.194,0.398,0.372,0.346,0.29,0.309,0.108,0.389,0.177,0.202,0.179,0.351,0.323,0.251,0.156,0.134,0.346,0.357,0.251,0.187,0.395,0.108,0.248,0.246,0.134,0.335,0.259,0.453,0.471,0.208,0.122,0.363,0.281,0.405,0.447,0.214,0.323,0.263,0.15,0.372,0.063,0.308,0.329,0.455,0.185,0.096,0.466,0.377,0.134,0.19,0.367,0.404,0.281,0.387,0.104,0.157,0.177,0.133,0.242,0.089,0.189,0.404,0.375,0.405,0.272,0.158,0.156,0.217,0.251,0.203,0.24,0.388,0.346,0.188,0.418,0.323,0.217,0.112,0.253,0.122,0.169,0.254,0.232,0.174,0.165,0.196,0.139,0.286,0.202,0.176,0.276,0.377,0.372,0.183,0.188,0.324,0.366,0.153,0.207,0.364,0.186,0.254,0.191,0.416,0.168,0.475,0.138,0.132,0.091,0.379,0.132,0.368,0.166,0.323,0.323,0.081,0.121,0.379,0.263,0.122,0.148,0.214,0.154,0.1,0.181,0.394,0.147,0.388,0.391,0.416,0.142,0.166,0.256,0.309,0.291,0.168,0.099,0.317,0.256,0.122,0.184,0.371,0.186,0.44,0.238,0.423,0.177,0.416,0.105,0.443,0.361,0.297,0.118,0.092,0.475,0.34,0.225,0.235,0.346,0.185,0.157,0.204,0.251,0.276,0.161,0.271,0.38,0.164,0.194,0.132,0.076,0.131,0.146,0.245,0.224,0.29,0.133,0.195,0.246,0.154,0.068,0.255
"CAV1",0.415,0.249,0.243,0.247,0.265,0.1,0.216,0.406,0.162,0.32,0.32,0.387,0.192,0.091,0.354,0.339,0.099,0.316,1,0.184,0.116,0.243,0.237,0.174,0.318,0.235,0.187,0.344,0.107,0.234,0.276,0.179,0.137,0.108,0.156,0.107,0.285,0.209,0.393,0.304,0.355,0.251,0.093,0.226,0.644,0.089,0.25,0.224,0.221,0.211,0.239,0.283,0.233,0.232,0.2,0.194,0.184,0.103,0.312,0.406,0.447,0.21,0.15,0.217,0.298,0.25,0.287,0.161,0.302,0.106,0.375,0.185,0.233,0.176,0.362,0.808,0.229,0.169,0.127,0.342,0.227,0.199,0.174,0.46,0.097,0.363,0.555,0.115,0.246,0.277,0.384,0.342,0.165,0.122,0.355,0.284,0.355,0.279,0.335,0.329,0.293,0.317,0.238,0.054,0.216,0.46,0.386,0.189,0.097,0.28,0.253,0.124,0.21,0.31,0.391,0.307,0.306,0.088,0.155,0.203,0.127,0.26,0.217,0.144,0.432,0.383,0.317,0.272,0.149,0.14,0.15,0.221,0.482,0.193,0.239,0.323,0.149,0.338,0.808,0.249,0.09,0.21,0.119,0.188,0.269,0.182,0.145,0.355,0.175,0.103,0.202,0.243,0.188,0.219,0.208,0.227,0.165,0.158,0.244,0.317,0.186,0.509,0.26,0.125,0.528,0.174,0.244,0.172,0.237,0.65,0.129,0.076,0.274,0.12,0.27,0.164,0.808,0.808,0.068,0.115,0.516,0.255,0.119,0.162,0.335,0.167,0.068,0.184,0.367,0.156,0.327,0.382,0.343,0.115,0.162,0.208,0.243,0.306,0.154,0.085,0.313,0.251,0.122,0.25,0.416,0.212,0.274,0.186,0.262,0.314,0.226,0.105,0.293,0.31,0.19,0.135,0.077,0.295,0.303,0.162,0.124,0.342,0.336,0.172,0.179,0.931,0.269,0.136,0.246,0.194,0.463,0.248,0.144,0.061,0.131,0.194,0.201,0.25,0.291,0.13,0.17,0.202,0.11,0.065,0.198
"CBX5",0.168,0.224,0.19,0.216,0.197,0.136,0.12,0.224,0.221,0.274,0.307,0.214,0.296,0.163,0.218,0.193,0.16,0.202,0.184,1,0.265,0.19,0.149,0.178,0.19,0.195,0.093,0.286,0.182,0.416,0.154,0.174,0.191,0.207,0.192,0.169,0.434,0.15,0.22,0.267,0.044,0.199,0.063,0.223,0.235,0.166,0.192,0.387,0.283,0.215,0.141,0.194,0.501,0.199,0.101,0.1,0.077,0.17,0.113,0.224,0.265,0.193,0.556,0.352,0.163,0.193,0.174,0.162,0.374,0.146,0.203,0.433,0.172,0.198,0.246,0.808,0.44,0.436,0.319,0.273,0.202,0.308,0.469,0.195,0.19,0.169,0.149,0.201,0.153,0.496,0.132,0.198,0.192,0.64,0.185,0.216,0.199,0.278,0.155,0.248,0.171,0.109,0.212,0.072,0.494,0.244,0.259,0.534,0.176,0.249,0.199,0.18,0.412,0.185,0.179,0.164,0.426,0.112,0.439,0.112,0.158,0.344,0.214,0.066,0.236,0.375,0.49,0.153,0.076,0.34,0.408,0.089,0.107,0.199,0.208,0.16,0.221,0.296,0.808,0.221,0.051,0.131,0.102,0.127,0.173,0.166,0.058,0.044,0.631,0.054,0.127,0.596,0.094,0.14,0.219,0.193,0.262,0.308,0.226,0.177,0.227,0.157,0.219,0.076,0.183,0.271,0.232,0.12,0.256,0.134,0.148,0.12,0.172,0.244,0.211,0.382,0.808,0.808,0.091,0.23,0.209,0.229,0.202,0.492,0.155,0.142,0.107,0.223,0.177,0.079,0.199,0.217,0.233,0.123,0.12,0.206,0.195,0.221,0.155,0.134,0.185,0.39,0.64,0.099,0.496,0.248,0.173,0.235,0.173,0.291,0.194,0.142,0.191,0.36,0.193,0.102,0.215,0.227,0.263,0.269,0.197,0.273,0.129,0.4,0.285,1,0.379,0.357,0.284,0.197,0.119,0.188,0.429,0.059,0.114,0.133,0.362,0.185,0.253,0.164,0.281,0.163,0.173,0.228,0.5
"CCDC8",0.126,0.134,0.109,0.114,0.146,0.13,0.108,0.236,0.339,0.169,0.168,0.221,0.13,0.078,0.144,0.207,0.267,0.139,0.116,0.265,1,0.168,0.237,0.2,0.137,0.164,0.108,0.216,0.086,0.111,0.109,0.194,0.212,0.348,0.198,0.208,0.154,0.159,0.134,0.212,0.053,0.132,0.087,0.323,0.137,0.097,0.125,0.161,0.089,0.188,0.132,0.144,0.103,0.133,0.105,0.1,0.09,0.076,0.102,0.236,0.152,0.185,0.075,0.1,0.125,0.167,0.188,0.2,0.097,0.112,0.129,0.201,0.103,0.108,0.137,0.091,0.095,0.099,0.068,0.281,0.143,0.096,0.098,0.121,0.323,0.104,0.067,0.341,0.176,0.162,0.117,0.156,0.216,0.079,0.102,0.246,0.153,0.161,0.172,0.132,0.163,0.119,0.188,0.058,0.1,0.104,0.138,0.08,0.08,0.176,0.177,0.105,0.111,0.128,0.158,0.146,0.14,0.11,0.111,0.105,0.124,0.095,0.05,0.083,0.122,0.128,0.167,0.088,0.083,0.247,0.099,0.105,0.111,0.25,0.189,0.142,0.128,0.17,0.091,0.124,0.068,0.098,0.097,0.076,0.124,0.142,0.07,0.053,0.252,0.067,0.12,0.21,0.114,0.094,0.173,0.146,0.522,0.105,0.126,0.163,0.085,0.172,0.122,0.088,0.2,0.578,0.236,0.128,0.231,0.072,0.059,0.054,0.137,0.331,0.134,0.135,0.091,0.091,0.098,0.29,0.127,0.124,0.174,0.113,0.172,0.119,0.144,0.281,0.126,0.134,0.119,0.174,0.186,0.097,0.104,0.108,0.188,0.139,0.17,0.085,0.196,0.136,0.079,0.067,0.138,0.109,0.123,0.558,0.16,0.082,0.188,0.092,0.132,0.098,0.198,0.126,0.131,0.171,0.416,0.202,0.087,0.281,0.148,0.103,0.242,0.071,0.147,0.07,0.145,0.181,0.079,0.206,0.19,0.086,0.095,0.14,0.259,0.171,0.11,0.097,0.104,0.109,0.094,0.058,0.128
"CCK",0.134,0.283,0.118,0.337,0.281,0.122,0.148,0.513,0.146,0.223,0.318,0.302,0.401,0.102,0.308,0.202,0.165,0.395,0.243,0.19,0.168,1,0.196,0.415,0.296,0.291,0.206,0.26,0.11,0.267,0.206,0.181,0.179,0.203,0.215,0.205,0.332,0.251,0.342,0.454,0.102,0.215,0.374,0.251,0.704,0.088,0.295,0.229,0.275,0.527,0.271,0.15,0.222,0.326,0.32,0.265,0.243,0.093,0.318,0.513,0.249,0.347,0.206,0.252,0.339,0.514,0.32,0.259,0.269,0.111,0.322,0.188,0.195,0.132,0.372,0.182,0.217,0.214,0.193,0.259,0.393,0.266,0.197,0.283,0.181,0.181,0.11,0.222,0.321,0.292,0.303,0.476,0.246,0.092,0.227,0.361,0.418,0.406,0.316,0.273,0.287,0.129,0.425,0.069,0.294,0.223,0.423,0.124,0.084,0.396,0.395,0.11,0.233,0.342,0.362,0.341,0.269,0.102,0.32,0.139,0.146,0.231,0.06,0.25,0.295,0.265,0.463,0.2,0.102,0.17,0.21,0.186,0.124,0.259,0.42,0.444,0.145,0.447,0.182,0.276,0.119,0.157,0.116,0.111,0.186,0.198,0.147,0.102,0.187,0.265,0.29,0.346,0.244,0.348,0.408,0.32,0.236,0.206,0.29,0.458,0.141,0.173,0.274,0.231,0.195,0.283,0.412,0.271,0.489,0.138,0.134,0.093,0.45,0.172,0.388,0.18,0.182,0.182,0.091,0.173,0.313,0.173,0.12,0.249,0.316,0.178,0.122,0.164,0.301,0.201,0.329,0.341,0.358,0.156,0.177,0.171,0.33,0.324,0.576,0.107,0.299,0.307,0.092,0.11,0.286,0.163,0.337,0.245,0.424,0.094,0.392,0.11,0.393,0.255,0.417,0.125,0.086,0.431,0.348,0.181,0.142,0.259,0.153,0.247,0.21,0.136,0.268,0.105,0.188,0.376,0.093,0.228,0.189,0.079,0.191,0.152,0.239,0.187,0.234,0.172,0.159,0.221,0.154,0.053,0.187
"CCND2",0.28,0.182,0.131,0.179,0.184,0.127,0.195,0.204,0.113,0.234,0.173,0.352,0.176,0.12,0.204,0.198,0.069,0.314,0.237,0.149,0.237,0.196,1,0.154,0.362,0.159,0.097,0.499,0.117,0.16,0.153,0.161,0.16,0.097,0.125,0.087,0.219,0.435,0.28,0.23,0.046,0.191,0.059,0.22,0.247,0.147,0.176,0.234,0.202,0.209,0.315,0.169,0.19,0.24,0.303,0.11,0.147,0.136,0.274,0.204,0.287,0.146,0.135,0.134,0.317,0.208,0.218,0.146,0.176,0.106,0.327,0.179,0.138,0.14,0.281,0.228,0.171,0.159,0.131,0.246,0.187,0.181,0.141,0.29,0.085,0.155,0.293,0.092,0.255,0.255,0.276,0.224,0.139,0.142,0.317,0.22,0.3,0.308,0.15,0.243,0.218,0.18,0.222,0.07,0.173,0.205,0.32,0.286,0.136,0.381,0.213,0.137,0.218,0.187,0.336,0.269,0.201,0.157,0.163,0.122,0.114,0.325,0.108,0.103,0.257,0.295,0.238,0.275,0.083,0.201,0.16,0.108,0.26,0.325,0.254,0.244,0.223,0.278,0.228,0.214,0.052,0.123,0.107,0.154,0.139,0.148,0.06,0.046,0.267,0.05,0.151,0.187,0.179,0.214,0.204,0.162,0.211,0.175,0.34,0.278,0.189,0.153,0.233,0.097,0.494,0.278,0.26,0.084,0.25,0.063,0.12,0.041,0.191,0.129,0.241,0.192,0.228,0.228,0.09,0.095,0.353,0.204,0.156,0.179,0.15,0.129,0.095,0.204,0.291,0.113,0.173,0.24,0.186,0.111,0.139,0.177,0.171,0.307,0.134,0.065,0.3,0.227,0.142,0.138,0.2,0.308,0.288,0.289,0.236,0.198,0.222,0.124,0.207,0.195,0.186,0.098,0.094,0.375,0.357,0.275,0.123,0.246,0.129,0.138,0.245,0.19,0.268,0.113,0.315,0.196,0.196,0.158,0.129,0.057,0.183,0.117,0.457,0.193,0.206,0.106,0.247,0.203,0.089,0.11,0.191
"CD248",0.182,0.225,0.128,0.254,0.27,0.194,0.168,0.34,0.236,0.146,0.203,0.249,0.175,0.213,0.16,0.284,0.157,0.182,0.174,0.178,0.2,0.415,0.154,1,0.278,0.27,0.254,0.204,0.173,0.192,0.186,0.282,0.296,0.196,0.198,0.241,0.218,0.157,0.243,0.262,0.252,0.223,0.403,0.228,0.192,0.122,0.28,0.163,0.164,0.537,0.351,0.191,0.099,0.285,0.154,0.198,0.186,0.109,0.234,0.34,0.167,0.428,0.113,0.155,0.229,0.231,0.169,0.31,0.136,0.191,0.174,0.169,0.145,0.194,0.171,0.083,0.179,0.258,0.163,0.383,0.193,0.207,0.173,0.15,0.181,0.171,0.228,0.183,0.184,0.211,0.165,0.229,0.158,0.072,0.173,0.282,0.198,0.226,0.252,0.174,0.295,0.2,0.192,0.139,0.174,0.155,0.207,0.129,0.107,0.179,0.241,0.138,0.24,0.273,0.224,0.302,0.184,0.162,0.147,0.206,0.258,0.136,0.061,0.154,0.162,0.158,0.192,0.173,0.218,0.196,0.103,0.236,0.205,0.192,0.159,0.244,0.21,0.234,0.083,0.3,0.185,0.199,0.228,0.223,0.26,0.265,0.203,0.252,0.174,0.227,0.116,0.293,0.312,0.135,0.186,0.262,0.34,0.139,0.322,0.29,0.181,0.23,0.278,0.157,0.329,0.578,0.21,0.286,0.264,0.26,0.175,0.148,0.219,0.297,0.191,0.196,0.083,0.083,0.172,0.137,0.18,0.204,0.199,0.191,0.252,0.172,0.246,0.166,0.19,0.326,0.272,0.277,0.298,0.234,0.214,0.183,0.266,0.177,0.277,0.158,0.205,0.187,0.072,0.227,0.149,0.148,0.136,0.199,0.175,0.108,0.216,0.198,0.188,0.14,0.53,0.236,0.14,0.247,0.186,0.142,0.138,0.383,0.229,0.276,0.338,0.055,0.185,0.133,0.21,0.325,0.115,0.19,0.11,0.144,0.216,0.261,0.207,0.246,0.17,0.3,0.145,0.177,0.291,0.079,0.205
"CD44",0.247,0.236,0.153,0.237,0.469,0.129,0.222,0.346,0.135,0.221,0.316,0.417,0.206,0.094,0.442,0.306,0.105,0.32,0.318,0.19,0.137,0.296,0.362,0.278,1,0.353,0.235,0.303,0.181,0.231,0.222,0.315,0.322,0.128,0.189,0.14,0.259,0.241,0.486,0.353,0.112,0.265,0.161,0.214,0.233,0.138,0.287,0.221,0.234,0.304,0.391,0.211,0.163,0.283,0.324,0.344,0.231,0.137,0.394,0.346,0.343,0.297,0.136,0.158,0.443,0.276,0.26,0.175,0.29,0.128,0.39,0.176,0.171,0.151,0.398,0.188,0.244,0.175,0.135,1,0.213,0.206,0.183,0.39,0.126,0.159,0.309,0.135,0.324,0.269,0.353,0.33,0.217,0.09,0.346,0.33,0.381,0.285,0.331,0.319,0.332,0.187,0.259,0.073,0.233,0.257,0.387,0.173,0.127,0.389,0.232,0.119,0.237,0.294,0.379,0.52,0.25,0.114,0.145,0.122,0.144,0.308,0.094,0.154,0.351,0.275,0.295,0.3,0.084,0.17,0.158,0.138,0.22,0.204,0.251,0.428,0.199,0.343,0.188,0.336,0.069,0.142,0.113,0.158,0.192,0.179,0.115,0.112,0.194,0.134,0.205,0.243,0.218,0.298,0.217,0.261,0.229,0.175,0.395,0.396,0.23,0.244,0.305,0.143,0.494,0.203,0.239,0.192,0.26,0.152,0.158,0.101,0.291,0.159,0.332,0.19,0.188,0.188,0.093,0.115,0.411,0.3,0.139,0.185,0.331,0.148,0.222,0.197,0.399,0.15,0.356,0.452,0.39,0.172,0.297,0.337,0.389,0.366,0.368,0.111,0.392,0.246,0.09,0.268,0.271,0.29,0.306,0.188,0.328,0.178,0.237,0.109,0.264,0.274,0.417,0.114,0.082,0.347,0.317,0.163,0.148,1,0.228,0.183,0.247,0.226,0.279,0.125,0.245,0.2,0.276,0.202,0.118,0.062,0.175,0.171,0.225,0.31,0.228,0.132,0.19,0.199,0.137,0.071,0.155
"CD9",0.242,0.187,0.206,0.201,0.306,0.15,0.257,0.346,0.206,0.241,0.301,0.298,0.249,0.109,0.258,0.316,0.171,0.2,0.235,0.195,0.164,0.291,0.159,0.27,0.353,1,0.234,0.209,0.129,0.244,0.249,0.37,0.382,0.199,0.199,0.208,0.207,0.167,0.284,0.259,0.124,0.182,0.221,0.237,0.192,0.144,0.264,0.226,0.18,0.253,0.244,0.277,0.147,0.243,0.189,0.275,0.194,0.148,0.26,0.346,0.263,0.263,0.151,0.246,0.268,0.279,0.215,0.206,0.192,0.15,0.239,0.166,0.176,0.165,0.315,0.18,0.21,0.179,0.131,1,0.174,0.227,0.183,0.209,0.163,0.162,0.235,0.193,0.251,0.242,0.227,0.239,0.24,0.083,0.17,0.265,0.276,0.211,0.464,0.224,0.257,0.195,0.215,0.069,0.182,0.202,0.278,0.099,0.118,0.253,0.185,0.136,0.207,0.227,0.239,0.383,0.166,0.136,0.22,0.141,0.17,0.194,0.094,0.192,0.193,0.229,0.264,0.169,0.111,0.243,0.128,0.203,0.259,0.238,0.209,0.313,0.159,0.25,0.18,0.279,0.105,0.166,0.135,0.161,0.217,0.22,0.156,0.124,0.189,0.168,0.166,0.299,0.184,0.201,0.179,0.235,0.256,0.218,0.269,0.284,0.173,0.356,0.191,0.164,0.313,0.224,0.196,0.198,0.221,0.11,0.183,0.082,0.226,0.21,0.251,0.221,0.18,0.18,0.11,0.253,0.232,0.227,0.164,0.207,0.464,0.198,0.237,0.196,0.231,0.209,0.216,0.279,0.247,0.122,0.216,0.197,0.397,0.286,0.345,0.104,0.234,0.256,0.083,0.168,0.211,0.148,0.166,0.179,0.249,0.231,0.194,0.121,0.181,0.19,0.37,0.218,0.123,0.253,0.245,0.134,0.135,1,0.228,0.193,0.239,0.148,0.214,0.119,0.203,0.168,0.215,0.266,0.235,0.09,0.196,0.267,0.192,0.3,0.154,0.131,0.174,0.173,0.137,0.084,0.121
