"","ADHFE1","AGFG1","AKT1","APCS","ATG16L1","ATN1","BCAS1","BDH2","CADM3","CAPN2","CASP8","CATSPER1","CCL1","CCL11","CCL7","CD1C","CD1D","CD84","CDH17","CFLAR","DCC","DCD","DLC1","DLX2","E2F6","ENOSF1","ESR1","FABP1","FCRL3","FSD1","GDF5","GFM1","GRIA1","HMGCL","HTR2A","IFI16","ITGBL1","KLK2","LRP1B","LUC7L3","MARCO","MARK4","MIR134","MUC16","NUP43","PAX4","PFDN4","PHC3","POLR3A","PPP2CB","PRG2","PROKR2","PSMD8","RAB17","RFX2","SLC35B4","SPRR1B","STEAP2","TIPIN","TM9SF4","TRIM68","TYR","UBE2V2","UBE4B","VPREB1","WARS2","ZBTB32"
"ADHFE1",1,0.629,0.46,0.395,0.478,0.66,0.497,0.502,0.181,0.44,0.533,0.213,0.253,0.253,0.253,0.546,0.473,0.522,0.348,0.455,0.342,0.282,0.486,0.441,0.591,0.222,0.453,0.6,0.28,0.331,0.253,1,0.292,0.756,0.154,0.588,0.204,0.361,0.164,0.593,0.403,0.391,0.255,0.45,0.533,0.577,0.672,0.608,0.563,0.373,0.348,0.201,0.454,0.322,0.594,0.673,0.475,0.437,0.607,0.56,0.658,0.59,0.53,0.521,0.253,0.811,0.631
"AGFG1",0.629,1,0.679,0.508,0.624,0.792,0.655,0.718,0.262,0.613,0.657,0.279,0.366,0.366,0.366,0.604,0.64,0.555,0.411,0.702,0.562,0.387,0.689,0.508,0.591,0.383,0.661,0.733,0.469,0.359,0.366,0.629,0.425,0.7,0.239,0.732,0.325,0.51,0.259,0.587,0.606,0.577,0.412,0.459,0.791,0.497,0.802,0.596,0.738,0.594,0.436,0.33,0.643,0.523,0.792,0.614,0.706,0.702,0.585,0.637,0.816,0.84,0.7,0.748,0.366,0.599,0.596
"AKT1",0.46,0.679,1,0.524,0.574,0.705,0.559,0.602,0.413,0.676,0.769,0.466,0.384,0.384,0.384,0.623,0.654,0.605,0.599,0.629,0.606,0.413,0.698,0.601,0.592,0.63,0.858,0.677,0.543,0.402,0.384,0.46,0.478,0.66,0.46,0.785,0.475,0.433,0.484,0.555,0.613,0.687,0.469,0.607,0.651,0.502,0.724,0.549,0.763,0.511,0.426,1,0.636,0.538,0.665,0.431,0.647,0.607,0.571,0.573,0.732,0.627,0.695,0.655,0.384,0.642,0.564
"APCS",0.395,0.508,0.524,1,0.391,0.569,0.591,0.572,0.314,0.505,0.425,0.318,0.754,0.754,0.754,0.694,0.627,0.462,0.436,0.365,0.407,0.767,0.483,0.439,0.53,0.467,0.5,0.674,0.543,0.284,0.754,0.395,0.337,0.454,0.286,0.583,0.378,0.721,0.297,0.523,0.504,0.396,1,0.563,0.497,0.413,0.516,0.524,0.573,0.32,0.809,0.387,0.446,0.449,0.529,0.393,0.382,0.377,0.515,0.47,0.559,0.462,0.65,0.496,0.754,0.47,0.514
"ATG16L1",0.478,0.624,0.574,0.391,1,0.54,0.521,0.574,0.269,0.552,0.586,0.378,0.314,0.314,0.314,0.487,0.55,0.44,0.361,0.585,0.496,0.313,0.566,0.49,0.431,0.34,0.55,0.523,0.427,0.326,0.314,0.478,0.401,0.568,0.277,0.547,0.317,0.366,0.274,0.38,0.517,0.573,0.38,0.382,0.496,0.384,0.61,0.401,0.552,0.497,0.328,0.42,0.51,0.412,0.555,0.477,0.579,0.535,0.421,0.5,0.604,0.587,0.52,0.548,0.314,0.474,0.428
"ATN1",0.66,0.792,0.705,0.569,0.54,1,0.573,0.612,0.265,0.54,0.655,0.282,0.367,0.367,0.367,0.589,0.573,0.58,0.545,0.604,0.466,0.354,0.656,0.454,0.785,0.383,0.695,0.814,0.469,0.35,0.367,0.66,0.349,0.647,0.236,0.853,0.32,0.395,0.245,0.795,0.519,0.498,0.412,0.461,0.754,0.73,0.788,0.803,0.832,0.467,0.389,0.33,0.705,0.399,0.832,0.563,0.61,0.514,0.785,0.55,0.902,0.721,0.798,0.785,0.367,0.722,0.812
"BCAS1",0.497,0.655,0.559,0.591,0.521,0.573,1,0.968,0.292,0.604,0.519,0.285,0.531,0.531,0.531,0.489,0.596,0.361,0.329,0.655,0.5,0.734,0.505,0.454,0.368,0.383,0.502,0.694,0.469,0.33,0.531,0.497,0.328,0.538,0.246,0.483,0.33,0.707,0.262,0.343,0.546,0.506,0.593,0.574,0.436,0.389,0.622,0.344,0.498,0.508,0.609,0.33,0.45,0.507,0.63,0.481,0.675,0.534,0.37,0.49,0.596,0.63,0.696,0.565,0.531,0.447,0.394
"BDH2",0.502,0.718,0.602,0.572,0.574,0.612,0.968,1,0.294,0.639,0.577,0.289,0.51,0.51,0.51,0.488,0.62,0.363,0.34,0.743,0.594,0.673,0.555,0.454,0.372,0.383,0.552,0.752,0.469,0.335,0.51,0.502,0.333,0.607,0.256,0.558,0.343,0.663,0.27,0.342,0.588,0.557,0.593,0.547,0.508,0.391,0.689,0.344,0.581,0.638,0.583,0.33,0.52,0.506,0.665,0.481,0.755,0.604,0.375,0.488,0.658,0.651,0.714,0.611,0.51,0.458,0.395
"CADM3",0.181,0.262,0.413,0.314,0.269,0.265,0.292,0.294,1,0.386,0.343,0.603,0.358,0.358,0.358,0.49,0.494,0.628,0.717,0.414,0.538,0.324,0.388,0.257,0.205,0.329,0.41,0.23,0.373,0.194,0.358,0.181,0.367,0.22,0.504,0.346,0.642,0.299,0.597,0.182,0.541,0.268,0.33,0.501,0.217,0.242,0.259,0.183,0.366,0.248,0.308,1,0.219,0.403,0.281,0.204,0.528,0.419,0.213,0.419,0.249,0.243,0.235,0.25,0.358,0.465,0.229
"CAPN2",0.44,0.613,0.676,0.505,0.552,0.54,0.604,0.639,0.386,1,0.617,0.407,0.366,0.366,0.366,0.662,0.697,0.529,0.502,0.599,0.576,0.425,0.801,0.454,0.408,0.383,0.613,0.59,0.469,0.295,0.366,0.44,0.535,0.549,0.444,0.575,0.497,0.489,0.347,0.376,0.582,0.615,0.593,0.581,0.513,0.363,0.592,0.378,0.578,0.464,0.452,1,0.523,0.609,0.54,0.534,0.617,0.597,0.404,0.572,0.632,0.581,0.588,0.527,0.366,0.547,0.406
"CASP8",0.533,0.657,0.769,0.425,0.586,0.655,0.519,0.577,0.343,0.617,1,0.383,0.325,0.325,0.325,0.578,0.621,0.535,0.532,0.788,0.573,0.32,0.621,0.691,0.553,0.63,0.783,0.622,0.469,0.375,0.325,0.533,0.415,0.753,0.374,0.701,0.409,0.36,0.431,0.504,0.581,0.632,0.412,0.462,0.636,0.495,0.744,0.502,0.661,0.531,0.345,0.659,0.621,0.452,0.618,0.465,0.636,0.597,0.539,0.501,0.712,0.614,0.62,0.598,0.325,0.674,0.528
"CATSPER1",0.213,0.279,0.466,0.318,0.378,0.282,0.285,0.289,0.603,0.407,0.383,1,0.327,0.327,0.327,0.517,0.508,0.631,0.549,0.438,0.545,0.313,0.357,0.308,0.243,0.317,0.446,0.259,0.373,0.212,0.327,0.213,0.391,0.269,0.548,0.375,0.558,0.301,0.595,0.221,0.538,0.335,0.33,0.544,0.247,0.259,0.279,0.224,0.389,0.244,0.314,1,0.241,0.438,0.289,0.225,0.507,0.446,0.248,0.428,0.272,0.264,0.258,0.26,0.327,0.504,0.259
"CCL1",0.253,0.366,0.384,0.754,0.314,0.367,0.531,0.51,0.358,0.366,0.325,0.327,1,1,1,0.532,0.553,0.33,0.376,0.39,0.439,0.849,0.327,0.348,0.284,0.467,0.381,0.402,0.543,0.276,1,0.253,0.278,0.308,0.299,0.376,0.403,0.734,0.325,0.256,0.371,0.379,1,0.407,0.297,0.324,0.364,0.255,0.39,0.342,0.658,0.373,0.303,0.362,0.393,0.238,0.42,0.316,0.291,0.413,0.347,0.333,0.4,0.352,1,0.306,0.313
"CCL11",0.253,0.366,0.384,0.754,0.314,0.367,0.531,0.51,0.358,0.366,0.325,0.327,1,1,1,0.532,0.553,0.33,0.376,0.39,0.439,0.849,0.327,0.348,0.284,0.467,0.381,0.402,0.543,0.276,1,0.253,0.278,0.308,0.299,0.376,0.403,0.734,0.325,0.256,0.371,0.379,1,0.407,0.297,0.324,0.364,0.255,0.39,0.342,0.658,0.373,0.303,0.362,0.393,0.238,0.42,0.316,0.291,0.413,0.347,0.333,0.4,0.352,1,0.306,0.313
"CCL7",0.253,0.366,0.384,0.754,0.314,0.367,0.531,0.51,0.358,0.366,0.325,0.327,1,1,1,0.532,0.553,0.33,0.376,0.39,0.439,0.849,0.327,0.348,0.284,0.467,0.381,0.402,0.543,0.276,1,0.253,0.278,0.308,0.299,0.376,0.403,0.734,0.325,0.256,0.371,0.379,1,0.407,0.297,0.324,0.364,0.255,0.39,0.342,0.658,0.373,0.303,0.362,0.393,0.238,0.42,0.316,0.291,0.413,0.347,0.333,0.4,0.352,1,0.306,0.313
"CD1C",0.546,0.604,0.623,0.694,0.487,0.589,0.489,0.488,0.49,0.662,0.578,0.517,0.532,0.532,0.532,1,0.874,0.871,0.621,0.517,0.577,0.473,0.648,0.508,0.556,0.383,0.626,0.588,0.524,0.323,0.532,0.546,0.498,0.56,0.442,0.642,0.52,0.543,0.475,0.551,0.599,0.437,1,0.774,0.522,0.452,0.573,0.552,0.64,0.359,0.497,1,0.462,0.562,0.567,0.681,0.59,0.639,0.546,0.716,0.654,0.572,0.558,0.525,0.532,0.743,0.553
"CD1D",0.473,0.64,0.654,0.627,0.55,0.573,0.596,0.62,0.494,0.697,0.621,0.508,0.553,0.553,0.553,0.874,1,0.748,0.591,0.657,0.733,0.49,0.655,0.454,0.436,0.467,0.647,0.559,1,0.303,0.553,0.473,0.535,0.559,0.451,0.601,0.626,0.536,0.48,0.411,0.68,0.514,1,0.691,0.506,0.386,0.611,0.414,0.609,0.456,0.496,1,0.479,0.584,0.577,0.551,0.712,0.644,0.433,0.624,0.629,0.665,0.56,0.545,0.553,0.661,0.439
"CD84",0.522,0.555,0.605,0.462,0.44,0.58,0.361,0.363,0.628,0.529,0.535,0.631,0.33,0.33,0.33,0.871,0.748,1,0.645,0.468,0.596,0.347,0.58,0.508,0.564,0.317,0.61,0.53,0.524,0.322,0.33,0.522,0.443,0.521,0.531,0.649,0.592,0.362,0.611,0.564,0.61,0.377,0.33,0.758,0.504,0.457,0.513,0.568,0.647,0.279,0.356,1,0.42,0.504,0.545,0.54,0.586,0.59,0.552,0.627,0.569,0.518,0.482,0.477,0.33,0.801,0.562
"CDH17",0.348,0.411,0.599,0.436,0.361,0.545,0.329,0.34,0.717,0.502,0.532,0.549,0.376,0.376,0.376,0.621,0.591,0.645,1,0.47,0.564,0.353,0.515,0.39,0.496,0.467,0.602,0.489,0.543,0.241,0.376,0.348,0.458,0.431,0.491,0.653,0.607,0.348,0.529,0.482,0.542,0.364,0.469,0.586,0.494,0.446,0.418,0.46,0.602,0.288,0.381,1,0.425,0.518,0.419,0.315,0.519,0.491,0.487,0.489,0.531,0.381,0.463,0.393,0.376,0.699,0.474
"CFLAR",0.455,0.702,0.629,0.365,0.585,0.604,0.655,0.743,0.414,0.599,0.788,0.438,0.39,0.39,0.39,0.517,0.657,0.468,0.47,1,0.701,0.362,0.585,0.454,0.359,0.383,0.632,0.578,0.469,0.31,0.39,0.455,0.386,0.642,0.372,0.592,0.47,0.401,0.426,0.316,0.681,0.569,0.412,0.421,0.522,0.359,0.702,0.336,0.621,0.683,0.361,0.659,0.572,0.468,0.648,0.445,0.825,0.681,0.351,0.494,0.658,0.637,0.555,0.633,0.39,0.534,0.365
"DCC",0.342,0.562,0.606,0.407,0.496,0.466,0.5,0.594,0.538,0.576,0.573,0.545,0.439,0.439,0.439,0.577,0.733,0.596,0.564,0.701,1,0.405,0.543,0.4,0.311,0.467,0.593,0.471,1,0.277,0.439,0.342,0.486,0.499,0.513,0.544,0.681,0.413,0.516,0.276,0.639,0.536,0.469,0.528,0.427,0.322,0.553,0.274,0.566,0.517,0.397,1,0.437,0.529,0.496,0.347,0.751,0.626,0.312,0.514,0.53,0.499,0.421,0.459,0.439,0.538,0.324
"DCD",0.282,0.387,0.413,0.767,0.313,0.354,0.734,0.673,0.324,0.425,0.32,0.313,0.849,0.849,0.849,0.473,0.49,0.347,0.353,0.362,0.405,1,0.333,0.348,0.287,0.467,0.369,0.527,0.543,0.261,0.849,0.282,0.29,0.312,0.272,0.362,0.37,0.864,0.291,0.266,0.363,0.362,0.803,0.563,0.293,0.316,0.357,0.268,0.37,0.304,0.77,0.373,0.298,0.442,0.378,0.266,0.387,0.336,0.296,0.398,0.344,0.356,0.521,0.336,0.849,0.313,0.316
"DLC1",0.486,0.689,0.698,0.483,0.566,0.656,0.505,0.555,0.388,0.801,0.621,0.357,0.327,0.327,0.327,0.648,0.655,0.58,0.515,0.585,0.543,0.333,1,0.508,0.535,0.383,0.671,0.619,0.469,0.316,0.327,0.486,0.441,0.59,0.324,0.695,0.487,0.384,0.333,0.512,0.557,0.529,0.412,0.474,0.58,0.43,0.673,0.512,0.695,0.456,0.352,0.602,0.569,0.465,0.641,0.529,0.603,0.585,0.524,0.573,0.706,0.645,0.599,0.611,0.327,0.592,0.524
"DLX2",0.441,0.508,0.601,0.439,0.49,0.454,0.454,0.454,0.257,0.454,0.691,0.308,0.348,0.348,0.348,0.508,0.454,0.508,0.39,0.454,0.4,0.348,0.508,1,1,0.264,1,0.439,0.348,0.523,0.348,0.441,0.348,0.441,0.257,0.511,0.348,0.348,0.257,0.439,0.454,0.601,0.316,0.337,0.654,1,0.454,0.439,0.439,0.4,0.348,0.257,0.439,0.348,1,0.411,0.454,0.4,1,0.411,0.511,0.508,0.454,0.454,0.348,0.441,1
"E2F6",0.591,0.591,0.592,0.53,0.431,0.785,0.368,0.372,0.205,0.408,0.553,0.243,0.284,0.284,0.284,0.556,0.436,0.564,0.496,0.359,0.311,0.287,0.535,1,1,0.264,0.708,0.71,0.348,0.377,0.284,0.591,0.283,0.555,0.2,0.75,0.256,0.298,0.238,0.781,0.335,0.422,0.316,0.417,0.708,0.84,0.618,0.791,0.713,0.31,0.325,0.257,0.611,0.284,0.794,0.518,0.362,0.346,0.887,0.464,0.741,0.529,0.682,0.638,0.284,0.662,0.923
"ENOSF1",0.222,0.383,0.63,0.467,0.34,0.383,0.383,0.383,0.329,0.383,0.63,0.317,0.467,0.467,0.467,0.383,0.467,0.317,0.467,0.383,0.467,0.467,0.383,0.264,0.264,1,0.63,0.34,0.467,0.257,0.467,0.222,0.467,0.63,0.329,0.467,0.467,0.467,0.467,0.245,0.383,0.467,0.383,0.329,0.34,0.264,0.467,0.253,0.467,0.34,0.467,0.317,0.34,0.467,0.383,0.199,0.383,0.34,0.264,0.467,0.383,0.383,0.383,0.383,0.467,0.317,0.264
"ESR1",0.453,0.661,0.858,0.5,0.55,0.695,0.502,0.552,0.41,0.613,0.783,0.446,0.381,0.381,0.381,0.626,0.647,0.61,0.602,0.632,0.593,0.369,0.671,1,0.708,0.63,1,0.645,0.543,0.351,0.381,0.453,0.447,0.691,0.45,0.789,0.472,0.391,0.519,0.575,0.599,0.57,0.469,0.514,0.675,0.614,0.739,0.575,0.763,0.517,0.387,1,0.639,0.504,0.744,0.426,0.644,0.593,0.672,0.567,0.726,0.609,0.665,0.652,0.381,0.649,0.667
"FABP1",0.6,0.733,0.677,0.674,0.523,0.814,0.694,0.752,0.23,0.59,0.622,0.259,0.402,0.402,0.402,0.588,0.559,0.53,0.489,0.578,0.471,0.527,0.619,0.439,0.71,0.34,0.645,1,0.427,0.305,0.402,0.6,0.32,0.725,0.209,0.81,0.286,0.532,0.214,0.72,0.447,0.471,0.593,0.59,0.725,0.628,0.726,0.719,0.786,0.478,0.526,0.306,0.669,0.434,0.697,0.521,0.566,0.502,0.702,0.496,0.829,0.624,0.836,0.657,0.402,0.649,0.714
"FCRL3",0.28,0.469,0.543,0.543,0.427,0.469,0.469,0.469,0.373,0.469,0.469,0.373,0.543,0.543,0.543,0.524,1,0.524,0.543,0.469,1,0.543,0.469,0.348,0.348,0.467,0.543,0.427,1,0.315,0.543,0.28,1,0.427,0.373,0.543,1,0.543,0.373,0.283,0.469,0.543,0.469,0.524,0.427,0.348,0.469,0.283,0.543,0.427,0.543,0.373,0.427,0.543,0.469,0.255,0.469,0.427,0.348,0.543,0.469,0.469,0.469,0.469,0.543,0.373,0.348
"FSD1",0.331,0.359,0.402,0.284,0.326,0.35,0.33,0.335,0.194,0.295,0.375,0.212,0.276,0.276,0.276,0.323,0.303,0.322,0.241,0.31,0.277,0.261,0.316,0.523,0.377,0.257,0.351,0.305,0.315,1,0.276,0.331,0.199,0.302,0.165,0.354,0.223,0.258,0.176,0.286,0.282,0.599,0.284,0.243,0.352,0.453,0.331,0.297,0.313,0.259,0.243,0.223,0.277,0.223,0.45,0.31,0.328,0.262,0.408,0.302,0.374,0.32,0.297,0.309,0.276,0.312,0.434
"GDF5",0.253,0.366,0.384,0.754,0.314,0.367,0.531,0.51,0.358,0.366,0.325,0.327,1,1,1,0.532,0.553,0.33,0.376,0.39,0.439,0.849,0.327,0.348,0.284,0.467,0.381,0.402,0.543,0.276,1,0.253,0.278,0.308,0.299,0.376,0.403,0.734,0.325,0.256,0.371,0.379,1,0.407,0.297,0.324,0.364,0.255,0.39,0.342,0.658,0.373,0.303,0.362,0.393,0.238,0.42,0.316,0.291,0.413,0.347,0.333,0.4,0.352,1,0.306,0.313
"GFM1",1,0.629,0.46,0.395,0.478,0.66,0.497,0.502,0.181,0.44,0.533,0.213,0.253,0.253,0.253,0.546,0.473,0.522,0.348,0.455,0.342,0.282,0.486,0.441,0.591,0.222,0.453,0.6,0.28,0.331,0.253,1,0.292,0.756,0.154,0.588,0.204,0.361,0.164,0.593,0.403,0.391,0.255,0.45,0.533,0.577,0.672,0.608,0.563,0.373,0.348,0.201,0.454,0.322,0.594,0.673,0.475,0.437,0.607,0.56,0.658,0.59,0.53,0.521,0.253,0.811,0.631
"GRIA1",0.292,0.425,0.478,0.337,0.401,0.349,0.328,0.333,0.367,0.535,0.415,0.391,0.278,0.278,0.278,0.498,0.535,0.443,0.458,0.386,0.486,0.29,0.441,0.348,0.283,0.467,0.447,0.32,1,0.199,0.278,0.292,1,0.35,0.457,0.392,0.456,0.375,0.345,0.265,0.518,0.461,0.469,0.445,0.315,0.255,0.361,0.265,0.391,0.281,0.337,1,0.306,0.689,0.346,0.347,0.414,0.546,0.28,0.481,0.372,0.426,0.336,0.333,0.278,0.433,0.279
"HMGCL",0.756,0.7,0.66,0.454,0.568,0.647,0.538,0.607,0.22,0.549,0.753,0.269,0.308,0.308,0.308,0.56,0.559,0.521,0.431,0.642,0.499,0.312,0.59,0.441,0.555,0.63,0.691,0.725,0.427,0.302,0.308,0.756,0.35,1,0.279,0.652,0.292,0.374,0.344,0.547,0.494,0.514,0.38,0.458,0.587,0.492,0.822,0.56,0.642,0.574,0.38,0.306,0.617,0.369,0.596,0.575,0.603,0.512,0.549,0.547,0.706,0.624,0.614,0.622,0.308,0.708,0.548
"HTR2A",0.154,0.239,0.46,0.286,0.277,0.236,0.246,0.256,0.504,0.444,0.374,0.548,0.299,0.299,0.299,0.442,0.451,0.531,0.491,0.372,0.513,0.272,0.324,0.257,0.2,0.329,0.45,0.209,0.373,0.165,0.299,0.154,0.457,0.279,1,0.314,0.501,0.26,0.7,0.173,0.473,0.421,0.33,0.444,0.205,0.205,0.288,0.186,0.329,0.251,0.273,1,0.232,0.489,0.245,0.177,0.451,0.379,0.196,0.36,0.228,0.225,0.232,0.253,0.299,0.406,0.2
"IFI16",0.588,0.732,0.785,0.583,0.547,0.853,0.483,0.558,0.346,0.575,0.701,0.375,0.376,0.376,0.376,0.642,0.601,0.649,0.653,0.592,0.544,0.362,0.695,0.511,0.75,0.467,0.789,0.81,0.543,0.354,0.376,0.588,0.392,0.652,0.314,1,0.398,0.381,0.329,0.775,0.512,0.52,0.469,0.536,0.791,0.696,0.743,0.749,0.925,0.475,0.406,0.687,0.709,0.429,0.735,0.513,0.606,0.545,0.752,0.625,0.9,0.633,0.744,0.694,0.376,0.756,0.763
"ITGBL1",0.204,0.325,0.475,0.378,0.317,0.32,0.33,0.343,0.642,0.497,0.409,0.558,0.403,0.403,0.403,0.52,0.626,0.592,0.607,0.47,0.681,0.37,0.487,0.348,0.256,0.467,0.472,0.286,1,0.223,0.403,0.204,0.456,0.292,0.501,0.398,1,0.356,0.56,0.227,0.531,0.356,0.469,0.519,0.274,0.265,0.327,0.228,0.412,0.286,0.354,1,0.284,0.459,0.332,0.216,0.524,0.45,0.256,0.435,0.313,0.308,0.295,0.304,0.403,0.47,0.266
"KLK2",0.361,0.51,0.433,0.721,0.366,0.395,0.707,0.663,0.299,0.489,0.36,0.301,0.734,0.734,0.734,0.543,0.536,0.362,0.348,0.401,0.413,0.864,0.384,0.348,0.298,0.467,0.391,0.532,0.543,0.258,0.734,0.361,0.375,0.374,0.26,0.381,0.356,1,0.272,0.279,0.422,0.382,0.803,0.58,0.347,0.316,0.411,0.282,0.387,0.336,0.831,0.373,0.318,0.555,0.419,0.425,0.425,0.516,0.307,0.542,0.412,0.476,0.536,0.385,0.734,0.367,0.325
"LRP1B",0.164,0.259,0.484,0.297,0.274,0.245,0.262,0.27,0.597,0.347,0.431,0.595,0.325,0.325,0.325,0.475,0.48,0.611,0.529,0.426,0.516,0.291,0.333,0.257,0.238,0.467,0.519,0.214,0.373,0.176,0.325,0.164,0.345,0.344,0.7,0.329,0.56,0.272,1,0.216,0.521,0.275,0.33,0.489,0.228,0.218,0.347,0.24,0.361,0.314,0.286,1,0.289,0.394,0.257,0.192,0.504,0.405,0.218,0.392,0.234,0.23,0.265,0.304,0.325,0.452,0.21
"LUC7L3",0.593,0.587,0.555,0.523,0.38,0.795,0.343,0.342,0.182,0.376,0.504,0.221,0.256,0.256,0.256,0.551,0.411,0.564,0.482,0.316,0.276,0.266,0.512,0.439,0.781,0.245,0.575,0.72,0.283,0.286,0.256,0.593,0.265,0.547,0.173,0.775,0.227,0.279,0.216,1,0.307,0.328,0.261,0.408,0.69,0.68,0.614,0.805,0.717,0.28,0.303,0.214,0.606,0.263,0.664,0.518,0.328,0.323,0.781,0.456,0.739,0.525,0.681,0.628,0.256,0.663,0.803
"MARCO",0.403,0.606,0.613,0.504,0.517,0.519,0.546,0.588,0.541,0.582,0.581,0.538,0.371,0.371,0.371,0.599,0.68,0.61,0.542,0.681,0.639,0.363,0.557,0.454,0.335,0.383,0.599,0.447,0.469,0.282,0.371,0.403,0.518,0.494,0.473,0.512,0.531,0.422,0.521,0.307,1,0.493,0.412,0.559,0.412,0.333,0.562,0.303,0.527,0.45,0.546,1,0.422,0.572,0.552,0.43,0.747,0.654,0.333,0.546,0.548,0.629,0.461,0.505,0.371,0.6,0.344
"MARK4",0.391,0.577,0.687,0.396,0.573,0.498,0.506,0.557,0.268,0.615,0.632,0.335,0.379,0.379,0.379,0.437,0.514,0.377,0.364,0.569,0.536,0.362,0.529,0.601,0.422,0.467,0.57,0.471,0.543,0.599,0.379,0.391,0.461,0.514,0.421,0.52,0.356,0.382,0.275,0.328,0.493,1,0.469,0.315,0.496,0.439,0.556,0.336,0.496,0.475,0.365,0.373,0.461,0.481,0.58,0.378,0.561,0.486,0.431,0.432,0.562,0.553,0.471,0.497,0.379,0.401,0.437
"MIR134",0.255,0.412,0.469,1,0.38,0.412,0.593,0.593,0.33,0.593,0.412,0.33,1,1,1,1,1,0.33,0.469,0.412,0.469,0.803,0.412,0.316,0.316,0.383,0.469,0.593,0.469,0.284,1,0.255,0.469,0.38,0.33,0.469,0.469,0.803,0.33,0.261,0.412,0.469,1,0.593,0.38,0.316,0.412,0.261,0.469,0.38,0.803,0.33,0.38,0.593,0.412,0.234,0.412,0.38,0.316,0.469,0.412,0.412,0.593,0.412,1,0.33,0.316
"MUC16",0.45,0.459,0.607,0.563,0.382,0.461,0.574,0.547,0.501,0.581,0.462,0.544,0.407,0.407,0.407,0.774,0.691,0.758,0.586,0.421,0.528,0.563,0.474,0.337,0.417,0.329,0.514,0.59,0.524,0.243,0.407,0.45,0.445,0.458,0.444,0.536,0.519,0.58,0.489,0.408,0.559,0.315,0.593,1,0.418,0.395,0.396,0.4,0.506,0.268,0.571,1,0.344,0.612,0.388,0.483,0.504,0.589,0.423,0.597,0.491,0.451,0.546,0.358,0.407,0.681,0.418
"NUP43",0.533,0.791,0.651,0.497,0.496,0.754,0.436,0.508,0.217,0.513,0.636,0.247,0.297,0.297,0.297,0.522,0.506,0.504,0.494,0.522,0.427,0.293,0.58,0.654,0.708,0.34,0.675,0.725,0.427,0.352,0.297,0.533,0.315,0.587,0.205,0.791,0.274,0.347,0.228,0.69,0.412,0.496,0.38,0.418,1,0.663,0.663,0.67,0.73,0.431,0.341,0.306,0.646,0.351,0.695,0.516,0.506,0.473,0.708,0.495,0.783,0.584,0.662,0.617,0.297,0.61,0.718
"PAX4",0.577,0.497,0.502,0.413,0.384,0.73,0.389,0.391,0.242,0.363,0.495,0.259,0.324,0.324,0.324,0.452,0.386,0.457,0.446,0.359,0.322,0.316,0.43,1,0.84,0.264,0.614,0.628,0.348,0.453,0.324,0.577,0.255,0.492,0.205,0.696,0.265,0.316,0.218,0.68,0.333,0.439,0.316,0.395,0.663,1,0.483,0.67,0.611,0.305,0.346,0.257,0.5,0.275,0.77,0.458,0.379,0.329,0.883,0.412,0.666,0.434,0.568,0.48,0.324,0.65,0.939
"PFDN4",0.672,0.802,0.724,0.516,0.61,0.788,0.622,0.689,0.259,0.592,0.744,0.279,0.364,0.364,0.364,0.573,0.611,0.513,0.418,0.702,0.553,0.357,0.673,0.454,0.618,0.467,0.739,0.726,0.469,0.331,0.364,0.672,0.361,0.822,0.288,0.743,0.327,0.411,0.347,0.614,0.562,0.556,0.412,0.396,0.663,0.483,1,0.633,0.749,0.621,0.367,0.33,0.672,0.41,0.773,0.573,0.687,0.581,0.602,0.552,0.819,0.715,0.715,0.777,0.364,0.642,0.605
"PHC3",0.608,0.596,0.549,0.524,0.401,0.803,0.344,0.344,0.183,0.378,0.502,0.224,0.255,0.255,0.255,0.552,0.414,0.568,0.46,0.336,0.274,0.268,0.512,0.439,0.791,0.253,0.575,0.719,0.283,0.297,0.255,0.608,0.265,0.56,0.186,0.749,0.228,0.282,0.24,0.805,0.303,0.336,0.261,0.4,0.67,0.67,0.633,1,0.716,0.317,0.298,0.214,0.63,0.265,0.684,0.537,0.327,0.332,0.788,0.466,0.74,0.524,0.701,0.712,0.255,0.65,0.814
"POLR3A",0.563,0.738,0.763,0.573,0.552,0.832,0.498,0.581,0.366,0.578,0.661,0.389,0.39,0.39,0.39,0.64,0.609,0.647,0.602,0.621,0.566,0.37,0.695,0.439,0.713,0.467,0.763,0.786,0.543,0.313,0.39,0.563,0.391,0.642,0.329,0.925,0.412,0.387,0.361,0.717,0.527,0.496,0.469,0.506,0.73,0.611,0.749,0.716,1,0.525,0.39,0.687,0.694,0.434,0.731,0.513,0.634,0.56,0.706,0.638,0.843,0.631,0.734,0.727,0.39,0.708,0.718
"PPP2CB",0.373,0.594,0.511,0.32,0.497,0.467,0.508,0.638,0.248,0.464,0.531,0.244,0.342,0.342,0.342,0.359,0.456,0.279,0.288,0.683,0.517,0.304,0.456,0.4,0.31,0.34,0.517,0.478,0.427,0.259,0.342,0.373,0.281,0.574,0.251,0.475,0.286,0.336,0.314,0.28,0.45,0.475,0.38,0.268,0.431,0.305,0.621,0.317,0.525,1,0.306,0.306,0.526,0.339,0.508,0.372,0.646,0.502,0.304,0.392,0.546,0.506,0.491,0.605,0.342,0.357,0.312
"PRG2",0.348,0.436,0.426,0.809,0.328,0.389,0.609,0.583,0.308,0.452,0.345,0.314,0.658,0.658,0.658,0.497,0.496,0.356,0.381,0.361,0.397,0.77,0.352,0.348,0.325,0.467,0.387,0.526,0.543,0.243,0.658,0.348,0.337,0.38,0.273,0.406,0.354,0.831,0.286,0.303,0.546,0.365,0.803,0.571,0.341,0.346,0.367,0.298,0.39,0.306,1,0.387,0.322,0.492,0.372,0.337,0.381,0.435,0.336,0.453,0.398,0.401,0.503,0.342,0.658,0.402,0.342
"PROKR2",0.201,0.33,1,0.387,0.42,0.33,0.33,0.33,1,1,0.659,1,0.373,0.373,0.373,1,1,1,1,0.659,1,0.373,0.602,0.257,0.257,0.317,1,0.306,0.373,0.223,0.373,0.201,1,0.306,1,0.687,1,0.373,1,0.214,1,0.373,0.33,1,0.306,0.257,0.33,0.214,0.687,0.306,0.387,1,0.306,1,0.33,0.241,0.846,1,0.257,0.687,0.33,0.33,0.33,0.33,0.373,1,0.257
"PSMD8",0.454,0.643,0.636,0.446,0.51,0.705,0.45,0.52,0.219,0.523,0.621,0.241,0.303,0.303,0.303,0.462,0.479,0.42,0.425,0.572,0.437,0.298,0.569,0.439,0.611,0.34,0.639,0.669,0.427,0.277,0.303,0.454,0.306,0.617,0.232,0.709,0.284,0.318,0.289,0.606,0.422,0.461,0.38,0.344,0.646,0.5,0.672,0.63,0.694,0.526,0.322,0.306,1,0.332,0.612,0.416,0.517,0.461,0.586,0.408,0.734,0.562,0.669,0.662,0.303,0.523,0.58
"RAB17",0.322,0.523,0.538,0.449,0.412,0.399,0.507,0.506,0.403,0.609,0.452,0.438,0.362,0.362,0.362,0.562,0.584,0.504,0.518,0.468,0.529,0.442,0.465,0.348,0.284,0.467,0.504,0.434,0.543,0.223,0.362,0.322,0.689,0.369,0.489,0.429,0.459,0.555,0.394,0.263,0.572,0.481,0.593,0.612,0.351,0.275,0.41,0.265,0.434,0.339,0.492,1,0.332,1,0.407,0.375,0.518,0.67,0.286,0.598,0.409,0.531,0.465,0.393,0.362,0.489,0.291
"RFX2",0.594,0.792,0.665,0.529,0.555,0.832,0.63,0.665,0.281,0.54,0.618,0.289,0.393,0.393,0.393,0.567,0.577,0.545,0.419,0.648,0.496,0.378,0.641,1,0.794,0.383,0.744,0.697,0.469,0.45,0.393,0.594,0.346,0.596,0.245,0.735,0.332,0.419,0.257,0.664,0.552,0.58,0.412,0.388,0.695,0.77,0.773,0.684,0.731,0.508,0.372,0.33,0.612,0.407,1,0.56,0.663,0.537,0.81,0.545,0.812,0.714,0.696,0.763,0.393,0.571,0.858
"SLC35B4",0.673,0.614,0.431,0.393,0.477,0.563,0.481,0.481,0.204,0.534,0.465,0.225,0.238,0.238,0.238,0.681,0.551,0.54,0.315,0.445,0.347,0.266,0.529,0.411,0.518,0.199,0.426,0.521,0.255,0.31,0.238,0.673,0.347,0.575,0.177,0.513,0.216,0.425,0.192,0.518,0.43,0.378,0.234,0.483,0.516,0.458,0.573,0.537,0.513,0.372,0.337,0.241,0.416,0.375,0.56,1,0.466,0.618,0.525,0.733,0.687,0.573,0.476,0.504,0.238,0.588,0.55
"SPRR1B",0.475,0.706,0.647,0.382,0.579,0.61,0.675,0.755,0.528,0.617,0.636,0.507,0.42,0.42,0.42,0.59,0.712,0.586,0.519,0.825,0.751,0.387,0.603,0.454,0.362,0.383,0.644,0.566,0.469,0.328,0.42,0.475,0.414,0.603,0.451,0.606,0.524,0.425,0.504,0.328,0.747,0.561,0.412,0.504,0.506,0.379,0.687,0.327,0.634,0.646,0.381,0.846,0.517,0.518,0.663,0.466,1,0.718,0.364,0.558,0.657,0.645,0.531,0.608,0.42,0.609,0.382
"STEAP2",0.437,0.702,0.607,0.377,0.535,0.514,0.534,0.604,0.419,0.597,0.597,0.446,0.316,0.316,0.316,0.639,0.644,0.59,0.491,0.681,0.626,0.336,0.585,0.4,0.346,0.34,0.593,0.502,0.427,0.262,0.316,0.437,0.546,0.512,0.379,0.545,0.45,0.516,0.405,0.323,0.654,0.486,0.38,0.589,0.473,0.329,0.581,0.332,0.56,0.502,0.435,1,0.461,0.67,0.537,0.618,0.718,1,0.351,0.745,0.606,0.626,0.476,0.505,0.316,0.566,0.361
"TIPIN",0.607,0.585,0.571,0.515,0.421,0.785,0.37,0.375,0.213,0.404,0.539,0.248,0.291,0.291,0.291,0.546,0.433,0.552,0.487,0.351,0.312,0.296,0.524,1,0.887,0.264,0.672,0.702,0.348,0.408,0.291,0.607,0.28,0.549,0.196,0.752,0.256,0.307,0.218,0.781,0.333,0.431,0.316,0.423,0.708,0.883,0.602,0.788,0.706,0.304,0.336,0.257,0.586,0.286,0.81,0.525,0.364,0.351,1,0.464,0.743,0.518,0.659,0.61,0.291,0.669,0.943
"TM9SF4",0.56,0.637,0.573,0.47,0.5,0.55,0.49,0.488,0.419,0.572,0.501,0.428,0.413,0.413,0.413,0.716,0.624,0.627,0.489,0.494,0.514,0.398,0.573,0.411,0.464,0.467,0.567,0.496,0.543,0.302,0.413,0.56,0.481,0.547,0.36,0.625,0.435,0.542,0.392,0.456,0.546,0.432,0.469,0.597,0.495,0.412,0.552,0.466,0.638,0.392,0.453,0.687,0.408,0.598,0.545,0.733,0.558,0.745,0.464,1,0.628,0.587,0.475,0.5,0.413,0.629,0.478
"TRIM68",0.658,0.816,0.732,0.559,0.604,0.902,0.596,0.658,0.249,0.632,0.712,0.272,0.347,0.347,0.347,0.654,0.629,0.569,0.531,0.658,0.53,0.344,0.706,0.511,0.741,0.383,0.726,0.829,0.469,0.374,0.347,0.658,0.372,0.706,0.228,0.9,0.313,0.412,0.234,0.739,0.548,0.562,0.412,0.491,0.783,0.666,0.819,0.74,0.843,0.546,0.398,0.33,0.734,0.409,0.812,0.687,0.657,0.606,0.743,0.628,1,0.732,0.787,0.769,0.347,0.71,0.752
"TYR",0.59,0.84,0.627,0.462,0.587,0.721,0.63,0.651,0.243,0.581,0.614,0.264,0.333,0.333,0.333,0.572,0.665,0.518,0.381,0.637,0.499,0.356,0.645,0.508,0.529,0.383,0.609,0.624,0.469,0.32,0.333,0.59,0.426,0.624,0.225,0.633,0.308,0.476,0.23,0.525,0.629,0.553,0.412,0.451,0.584,0.434,0.715,0.524,0.631,0.506,0.401,0.33,0.562,0.531,0.714,0.573,0.645,0.626,0.518,0.587,0.732,1,0.646,0.676,0.333,0.572,0.521
"UBE2V2",0.53,0.7,0.695,0.65,0.52,0.798,0.696,0.714,0.235,0.588,0.62,0.258,0.4,0.4,0.4,0.558,0.56,0.482,0.463,0.555,0.421,0.521,0.599,0.454,0.682,0.383,0.665,0.836,0.469,0.297,0.4,0.53,0.336,0.614,0.232,0.744,0.295,0.536,0.265,0.681,0.461,0.471,0.593,0.546,0.662,0.568,0.715,0.701,0.734,0.491,0.503,0.33,0.669,0.465,0.696,0.476,0.531,0.476,0.659,0.475,0.787,0.646,1,0.783,0.4,0.599,0.662
"UBE4B",0.521,0.748,0.655,0.496,0.548,0.785,0.565,0.611,0.25,0.527,0.598,0.26,0.352,0.352,0.352,0.525,0.545,0.477,0.393,0.633,0.459,0.336,0.611,0.454,0.638,0.383,0.652,0.657,0.469,0.309,0.352,0.521,0.333,0.622,0.253,0.694,0.304,0.385,0.304,0.628,0.505,0.497,0.412,0.358,0.617,0.48,0.777,0.712,0.727,0.605,0.342,0.33,0.662,0.393,0.763,0.504,0.608,0.505,0.61,0.5,0.769,0.676,0.783,1,0.352,0.522,0.617
"VPREB1",0.253,0.366,0.384,0.754,0.314,0.367,0.531,0.51,0.358,0.366,0.325,0.327,1,1,1,0.532,0.553,0.33,0.376,0.39,0.439,0.849,0.327,0.348,0.284,0.467,0.381,0.402,0.543,0.276,1,0.253,0.278,0.308,0.299,0.376,0.403,0.734,0.325,0.256,0.371,0.379,1,0.407,0.297,0.324,0.364,0.255,0.39,0.342,0.658,0.373,0.303,0.362,0.393,0.238,0.42,0.316,0.291,0.413,0.347,0.333,0.4,0.352,1,0.306,0.313
"WARS2",0.811,0.599,0.642,0.47,0.474,0.722,0.447,0.458,0.465,0.547,0.674,0.504,0.306,0.306,0.306,0.743,0.661,0.801,0.699,0.534,0.538,0.313,0.592,0.441,0.662,0.317,0.649,0.649,0.373,0.312,0.306,0.811,0.433,0.708,0.406,0.756,0.47,0.367,0.452,0.663,0.6,0.401,0.33,0.681,0.61,0.65,0.642,0.65,0.708,0.357,0.402,1,0.523,0.489,0.571,0.588,0.609,0.566,0.669,0.629,0.71,0.572,0.599,0.522,0.306,1,0.679
"ZBTB32",0.631,0.596,0.564,0.514,0.428,0.812,0.394,0.395,0.229,0.406,0.528,0.259,0.313,0.313,0.313,0.553,0.439,0.562,0.474,0.365,0.324,0.316,0.524,1,0.923,0.264,0.667,0.714,0.348,0.434,0.313,0.631,0.279,0.548,0.2,0.763,0.266,0.325,0.21,0.803,0.344,0.437,0.316,0.418,0.718,0.939,0.605,0.814,0.718,0.312,0.342,0.257,0.58,0.291,0.858,0.55,0.382,0.361,0.943,0.478,0.752,0.521,0.662,0.617,0.313,0.679,1
