"","ACOT11","ACSS3","ADAM11","ADAMTS12","ALDH1L1","ANGPTL2","ANK1","AOX1","APC","ATOH1","BMP7","CA3","CALD1","CARTPT","CAV1","CBX5","CCDC8","CD9","CDH23","CDO1","CFTR","CHAD","CLDN10","COL7A1","CXCL1","CXCL5","CYBA","DAB1","DCTN1","DUOX1","EFEMP1","ENPP2","EPHX3","EYA4","FAIM2","FBN1","FBN2","FGF8","FJX1","FLRT2","FOXG1","GCM2","GIT1","GLI3","GREM1","GSTM2","HAAO","HES5","HIF3A","HOXA7","ICAM4","IFNGR2","IL1B","ITIH5","JDP2","KCNH2","KRT7","LAYN","LDB1","LPAR1","LTF","MACF1","MAGI2","MIR9-1","NAT8L","NFATC3","NID2","NR1H3","NUAK1","PAX3","PDE4B","PDPN","PER1","PFKP","PHOX2A","PLTP","PON3","POU3F3","PPT2","PROM1","RARA","RARB","RARRES1","RARRES2","RASSF5","RBP1","REC8","RHCG","SCGB3A1","SEMA5A","SFRP5","SIM1","SIX2","SLC13A3","SLC2A2","SLC4A11","SLC5A7","SLC6A3","SLCO4C1","SLFN11","SOSTDC1","SPARC","SPRY4","SSTR4","TAC1","THBS4","TIAM1","TIMP2","TMEM106A","TUBA4B","TXNRD1","VANGL2","VIPR2","WFDC2","WFDC5","WIPF1","ZFP42","AGFG1","AIM2","AKT1","APCS","ATG16L1","ATN1","BCAS1","BDH2","CADM3","CAPN2","CASP5","CASP8","CCDC80","CCL1","CCL11","CCL7","CCL8","CD84","CDH17","DCC","DCD","DLC1","DLX2","E2F6","ESR1","FABP1","FCRL3","FSD1","FXN","GFM1","GPR37L1","GRIA1","HMGCL","HOXD9","HTR2A","IFI16","ITGBL1","KLK2","LRP1B","LUC7L3","MARCO","MARK4","MIR134","NUP43","OPN5","PAX4","PFDN4","POLR3A","PPP2CB","PRDM2","PRG2","PROKR2","RAB17","RELB","RETNLB","RFX2","SLC35B4","SPRR1B","STEAP2","TIPIN","TM9SF4","TRIM68","TYR","UBE4B","UNC13C","WARS2","ZBTB32"
"ACOT11",1,0.429,0.269,0.316,1,0.649,0.397,1,0.425,0.36,0.519,0.771,0.54,0.518,0.391,0.292,0.535,0.494,0.312,1,0.45,0.471,0.253,0.418,0.456,0.519,0.33,0.714,0.423,0.353,0.582,0.468,0.395,0.34,0.408,0.387,0.361,0.666,0.593,0.517,0.353,0.36,0.468,0.516,0.46,0.807,0.771,0.351,0.552,0.334,0.357,0.389,0.73,0.273,0.343,0.386,0.668,0.332,0.322,0.531,0.517,0.416,0.381,0.804,0.538,0.548,0.538,0.518,0.426,0.352,0.567,0.379,0.634,0.785,0.4,0.463,0.634,0.353,0.644,0.497,0.446,0.353,0.743,0.426,0.34,0.555,0.324,0.551,0.743,0.632,0.593,0.4,0.323,0.566,0.337,0.322,0.309,0.375,0.521,0.561,0.593,0.462,0.668,0.273,0.519,0.551,0.489,0.408,0.306,0.503,0.75,0.287,0.306,0.743,0.593,0.563,0.481,0.628,0.632,0.53,0.575,0.499,0.497,0.92,0.968,0.273,0.568,0.757,0.503,0.244,0.519,0.519,0.519,0.593,0.33,0.305,0.539,0.723,0.475,0.4,0.327,0.476,0.715,0.427,0.294,0.648,0.431,0.321,0.289,0.532,0.338,0.231,0.496,0.307,0.67,0.245,0.302,0.474,0.479,0.593,0.446,0.558,0.352,0.598,0.518,0.586,0.386,0.585,0.306,0.456,0.439,0.477,0.545,0.415,0.67,0.53,0.332,0.428,0.569,0.532,0.488,0.295,0.392,0.353
"ACSS3",0.429,1,0.183,0.206,0.429,0.28,0.326,0.429,0.438,0.693,0.262,0.527,0.445,0.375,0.438,0.52,0.5,0.294,0.243,0.523,0.458,0.232,0.173,0.461,0.371,0.262,0.367,0.762,0.414,0.432,0.272,0.231,0.744,0.871,0.58,0.386,0.225,0.444,0.259,0.25,0.712,0.693,0.5,0.629,0.226,0.522,0.527,0.646,0.536,0.692,0.251,0.607,0.39,0.173,0.681,0.31,0.558,0.233,0.545,0.447,0.453,0.478,0.384,0.654,0.874,0.615,0.258,0.616,0.613,0.606,0.571,0.348,0.701,0.567,0.508,0.522,0.416,0.712,0.608,0.435,0.542,0.712,0.302,0.287,0.871,0.686,0.673,0.359,0.302,0.29,0.259,0.508,0.597,0.266,0.235,0.268,0.245,0.289,0.314,0.685,0.259,0.502,0.465,0.184,0.262,0.471,0.319,0.345,0.201,0.451,0.703,0.2,0.201,0.302,0.259,0.446,0.526,0.712,0.688,0.514,0.474,0.508,0.718,0.493,0.498,0.184,0.464,0.501,0.56,0.151,0.262,0.262,0.262,0.259,0.634,0.383,0.348,0.307,0.554,0.508,0.676,0.511,0.662,0.288,0.373,0.771,0.962,0.229,0.31,0.766,0.696,0.161,0.644,0.217,0.376,0.172,0.686,0.407,0.421,0.259,0.586,0.463,0.606,0.72,0.638,0.374,0.762,0.357,0.201,0.333,0.56,0.241,0.68,0.69,0.468,0.452,0.68,0.594,0.702,0.653,0.609,0.231,0.811,0.712
"ADAM11",0.269,0.183,1,0.837,0.269,0.582,0.465,0.269,0.36,0.23,0.353,0.315,0.51,0.288,0.398,0.19,0.452,0.399,0.492,0.306,0.391,0.615,0.637,0.465,0.281,0.353,0.458,0.292,0.278,0.559,0.599,0.679,0.476,0.177,0.419,0.613,0.702,0.348,0.33,0.579,0.227,0.23,0.333,0.251,0.679,0.277,0.315,0.264,0.527,0.231,0.768,0.643,0.343,1,0.215,0.562,0.229,0.304,0.249,0.496,0.325,0.43,0.327,0.265,0.259,0.258,0.717,0.247,0.227,0.239,0.331,0.483,0.275,0.364,0.257,0.296,0.307,0.227,0.169,0.39,0.346,0.227,0.287,0.589,0.177,0.245,0.176,0.588,0.287,0.653,0.33,0.257,0.215,0.644,0.676,0.677,0.439,0.508,0.49,0.256,0.33,0.464,0.292,0.656,0.353,0.496,0.488,0.492,1,0.281,0.259,0.696,1,0.287,0.33,0.238,0.256,0.259,0.264,0.416,0.471,0.268,0.262,0.287,0.291,0.656,0.355,0.294,0.342,0.841,0.353,0.353,0.353,0.33,0.658,0.548,0.543,0.318,0.342,0.257,0.204,0.412,0.228,0.373,0.192,0.236,0.179,0.646,0.35,0.218,0.212,0.534,0.343,0.565,0.294,0.635,0.181,0.758,0.266,0.33,0.215,0.679,0.239,0.256,0.362,0.245,0.196,0.518,1,0.405,0.226,0.32,0.278,0.203,0.528,0.431,0.212,0.414,0.247,0.241,0.246,0.461,0.49,0.227
"ADAMTS12",0.316,0.206,0.837,1,0.316,0.837,0.457,0.316,0.457,0.264,0.388,0.342,0.457,0.342,0.457,0.264,0.457,0.457,0.388,0.316,0.457,1,0.457,0.837,0.388,0.388,0.457,0.342,0.423,0.457,1,0.457,0.388,0.183,0.388,1,1,0.388,0.342,1,0.264,0.264,0.388,0.342,0.837,0.342,0.342,0.334,0.457,0.264,0.457,0.457,0.388,0.837,0.264,0.457,0.342,0.388,0.388,0.457,0.457,0.457,0.457,0.342,0.342,0.342,0.837,0.342,0.342,0.264,0.316,0.457,0.342,0.388,0.264,0.388,0.388,0.264,0.198,0.457,0.457,0.264,0.342,1,0.183,0.316,0.191,0.457,0.342,0.457,0.342,0.264,0.264,0.457,0.457,0.457,0.457,0.457,0.457,0.316,0.342,0.837,0.342,0.457,0.388,0.837,0.457,1,0.457,0.342,0.342,0.457,0.457,0.342,0.342,0.316,0.342,0.342,0.342,0.457,0.837,0.316,0.342,0.342,0.342,0.457,0.457,0.342,0.342,0.726,0.388,0.388,0.388,0.342,0.457,0.457,0.457,0.388,0.342,0.264,0.264,0.457,0.316,0.388,0.23,0.316,0.206,0.457,0.457,0.316,0.264,0.457,0.388,0.457,0.388,0.457,0.219,0.837,0.388,0.342,0.316,0.457,0.264,0.342,0.388,0.316,0.219,0.837,0.457,0.457,0.316,0.342,0.342,0.19,0.381,0.457,0.264,0.388,0.342,0.342,0.342,0.457,0.457,0.264
"ALDH1L1",1,0.429,0.269,0.316,1,0.649,0.397,1,0.425,0.36,0.519,0.771,0.54,0.518,0.391,0.292,0.535,0.494,0.312,1,0.45,0.471,0.253,0.418,0.456,0.519,0.33,0.714,0.423,0.353,0.582,0.468,0.395,0.34,0.408,0.387,0.361,0.666,0.593,0.517,0.353,0.36,0.468,0.516,0.46,0.807,0.771,0.351,0.552,0.334,0.357,0.389,0.73,0.273,0.343,0.386,0.668,0.332,0.322,0.531,0.517,0.416,0.381,0.804,0.538,0.548,0.538,0.518,0.426,0.352,0.567,0.379,0.634,0.785,0.4,0.463,0.634,0.353,0.644,0.497,0.446,0.353,0.743,0.426,0.34,0.555,0.324,0.551,0.743,0.632,0.593,0.4,0.323,0.566,0.337,0.322,0.309,0.375,0.521,0.561,0.593,0.462,0.668,0.273,0.519,0.551,0.489,0.408,0.306,0.503,0.75,0.287,0.306,0.743,0.593,0.563,0.481,0.628,0.632,0.53,0.575,0.499,0.497,0.92,0.968,0.273,0.568,0.757,0.503,0.244,0.519,0.519,0.519,0.593,0.33,0.305,0.539,0.723,0.475,0.4,0.327,0.476,0.715,0.427,0.294,0.648,0.431,0.321,0.289,0.532,0.338,0.231,0.496,0.307,0.67,0.245,0.302,0.474,0.479,0.593,0.446,0.558,0.352,0.598,0.518,0.586,0.386,0.585,0.306,0.456,0.439,0.477,0.545,0.415,0.67,0.53,0.332,0.428,0.569,0.532,0.488,0.295,0.392,0.353
"ANGPTL2",0.649,0.28,0.582,0.837,0.649,1,0.279,0.649,0.297,0.292,0.746,0.349,0.322,0.641,0.318,0.253,0.336,0.563,0.332,0.38,0.329,0.853,0.304,0.67,0.609,0.746,0.314,0.367,0.323,0.355,0.955,0.673,0.395,0.301,0.349,0.785,0.779,0.69,1,0.739,0.291,0.292,0.344,0.329,0.919,0.58,0.349,0.324,0.345,0.283,0.396,0.335,0.685,1,0.282,0.334,0.457,0.353,0.314,0.393,0.503,0.312,0.325,0.6,0.315,0.322,0.892,0.312,0.29,0.286,0.312,0.33,0.341,0.527,0.316,0.663,0.766,0.291,0.534,0.531,0.308,0.291,0.859,0.81,0.301,0.31,0.248,0.532,0.859,0.639,1,0.316,0.276,0.6,0.375,0.352,0.327,0.34,0.542,0.319,1,0.559,0.336,0.322,0.746,0.817,0.341,0.705,0.387,0.321,0.503,0.329,0.387,0.859,1,0.28,0.301,0.356,0.328,0.387,0.883,0.289,0.327,0.66,0.613,0.322,0.413,0.336,0.295,0.841,0.746,0.746,0.746,1,0.348,0.334,0.373,0.788,0.307,0.316,0.271,0.342,0.505,0.469,0.232,0.304,0.256,0.362,0.278,0.292,0.28,0.279,0.334,0.346,0.71,0.298,0.248,0.535,0.325,1,0.278,0.368,0.286,0.325,0.341,0.277,0.27,0.842,0.387,0.43,0.289,0.655,0.339,0.245,0.346,0.332,0.277,0.363,0.32,0.333,0.308,0.294,0.32,0.291
"ANK1",0.397,0.326,0.465,0.457,0.397,0.279,1,0.397,0.612,0.37,0.303,0.477,0.783,0.291,0.545,0.374,0.654,0.421,0.46,1,0.538,0.309,0.447,0.332,0.308,0.303,0.469,0.495,0.675,0.533,0.329,0.492,0.461,0.443,0.445,0.342,0.332,0.414,0.38,0.439,0.372,0.37,0.62,0.533,0.284,0.446,0.477,0.387,0.668,0.367,0.537,0.533,0.433,0.387,0.366,0.548,0.558,0.338,0.376,0.584,0.483,0.712,0.557,0.391,0.406,0.496,0.461,0.485,0.484,0.365,0.51,0.641,0.469,0.551,0.691,0.332,0.299,0.372,0.25,0.511,0.621,0.372,0.26,0.335,0.443,0.504,0.299,0.583,0.26,0.509,0.38,0.691,0.353,0.537,0.534,0.559,0.527,0.643,0.422,0.488,0.38,0.515,0.457,0.603,0.303,0.346,0.556,0.337,1,0.45,0.478,0.518,1,0.26,0.38,0.56,0.376,0.485,0.523,0.659,0.338,0.491,0.404,0.384,0.455,0.455,0.613,0.497,0.609,0.34,0.303,0.303,0.303,0.38,0.56,0.562,0.634,0.288,0.54,0.691,0.361,0.616,0.405,0.427,0.381,0.482,0.293,0.504,0.471,0.416,0.387,0.503,0.532,0.483,0.304,0.444,0.28,0.573,0.678,0.38,0.432,0.617,0.365,0.456,0.509,0.385,0.305,0.302,1,0.548,0.46,0.272,0.475,0.301,0.615,0.568,0.374,0.442,0.489,0.445,0.381,0.469,0.52,0.372
"AOX1",1,0.429,0.269,0.316,1,0.649,0.397,1,0.425,0.36,0.519,0.771,0.54,0.518,0.391,0.292,0.535,0.494,0.312,1,0.45,0.471,0.253,0.418,0.456,0.519,0.33,0.714,0.423,0.353,0.582,0.468,0.395,0.34,0.408,0.387,0.361,0.666,0.593,0.517,0.353,0.36,0.468,0.516,0.46,0.807,0.771,0.351,0.552,0.334,0.357,0.389,0.73,0.273,0.343,0.386,0.668,0.332,0.322,0.531,0.517,0.416,0.381,0.804,0.538,0.548,0.538,0.518,0.426,0.352,0.567,0.379,0.634,0.785,0.4,0.463,0.634,0.353,0.644,0.497,0.446,0.353,0.743,0.426,0.34,0.555,0.324,0.551,0.743,0.632,0.593,0.4,0.323,0.566,0.337,0.322,0.309,0.375,0.521,0.561,0.593,0.462,0.668,0.273,0.519,0.551,0.489,0.408,0.306,0.503,0.75,0.287,0.306,0.743,0.593,0.563,0.481,0.628,0.632,0.53,0.575,0.499,0.497,0.92,0.968,0.273,0.568,0.757,0.503,0.244,0.519,0.519,0.519,0.593,0.33,0.305,0.539,0.723,0.475,0.4,0.327,0.476,0.715,0.427,0.294,0.648,0.431,0.321,0.289,0.532,0.338,0.231,0.496,0.307,0.67,0.245,0.302,0.474,0.479,0.593,0.446,0.558,0.352,0.598,0.518,0.586,0.386,0.585,0.306,0.456,0.439,0.477,0.545,0.415,0.67,0.53,0.332,0.428,0.569,0.532,0.488,0.295,0.392,0.353
"APC",0.425,0.438,0.36,0.457,0.425,0.297,0.612,0.425,1,0.444,0.318,0.503,0.621,0.336,0.659,0.578,0.729,0.47,0.427,1,0.648,0.304,0.443,0.404,0.346,0.318,0.475,0.57,0.7,0.553,0.337,0.403,0.491,1,0.508,0.398,0.343,0.479,0.412,0.463,0.483,0.444,0.611,0.649,0.29,0.514,0.503,0.509,0.651,0.489,0.439,0.517,0.45,0.387,0.462,0.547,0.603,0.381,0.583,0.585,0.61,0.756,0.726,0.534,0.529,0.641,0.42,0.643,0.631,0.437,0.602,0.69,0.605,0.617,0.654,0.43,0.358,0.483,0.336,0.533,0.734,0.483,0.289,0.346,1,0.588,0.405,0.485,0.289,0.436,0.412,0.654,0.471,0.385,0.447,0.402,0.451,0.579,0.382,0.586,0.412,0.605,0.511,0.386,0.318,0.428,0.602,0.363,1,0.569,0.588,0.488,1,0.289,0.412,0.503,0.524,0.576,0.609,0.786,0.425,0.52,0.588,0.463,0.494,0.433,0.649,0.519,0.692,0.34,0.318,0.318,0.318,0.412,0.528,0.63,0.548,0.316,0.665,0.654,0.507,0.73,0.545,0.469,0.438,0.543,0.401,0.46,0.467,0.552,0.495,0.38,0.641,0.437,0.351,0.392,0.452,0.567,0.627,0.412,0.604,0.584,0.437,0.6,0.614,0.433,0.49,0.341,1,0.483,0.656,0.305,0.576,0.426,0.58,0.567,0.491,0.498,0.649,0.564,0.543,0.414,0.573,0.483
"ATOH1",0.36,0.693,0.23,0.264,0.36,0.292,0.37,0.36,0.444,1,0.32,0.426,0.514,0.322,0.396,0.636,0.462,0.277,0.284,0.4,0.408,0.284,0.217,0.361,0.305,0.32,0.3,0.621,0.468,0.376,0.301,0.282,0.649,1,0.488,0.321,0.274,0.394,0.316,0.276,0.939,1,0.427,0.577,0.275,0.429,0.426,0.827,0.675,0.885,0.305,0.489,0.361,0.228,0.934,0.287,0.58,0.283,0.668,0.374,0.396,0.49,0.396,0.642,0.549,0.712,0.288,0.707,0.634,0.849,0.56,0.307,0.667,0.529,1,0.551,0.367,0.939,0.442,0.382,0.617,0.939,0.308,0.287,1,0.746,0.82,0.305,0.308,0.311,0.316,1,0.829,0.261,0.287,0.264,0.258,0.289,0.27,0.778,0.316,0.426,0.383,0.232,0.32,0.404,0.304,0.29,0.257,0.402,0.548,0.247,0.257,0.308,0.316,0.485,0.502,0.588,0.578,0.507,0.491,0.424,0.713,0.401,0.401,0.232,0.399,0.398,0.464,0.204,0.32,0.32,0.32,0.316,0.544,0.37,0.324,0.324,0.51,1,0.843,0.614,0.614,0.348,0.462,0.491,0.587,0.273,0.273,0.501,0.885,0.197,0.651,0.263,0.331,0.209,0.702,0.341,0.443,0.316,0.63,0.39,0.849,0.592,0.635,0.309,0.756,0.303,0.257,0.289,0.665,0.285,0.891,0.558,0.386,0.361,0.87,0.472,0.665,0.506,0.601,0.235,0.551,0.939
"BMP7",0.519,0.262,0.353,0.388,0.519,0.746,0.303,0.519,0.318,0.32,1,0.444,0.359,0.769,0.315,0.265,0.371,0.491,0.407,0.427,0.332,0.798,0.331,0.576,0.732,1,0.305,0.413,0.368,0.4,0.759,0.794,0.461,0.268,0.404,0.607,0.631,0.894,1,0.603,0.313,0.32,0.397,0.353,0.784,0.568,0.444,0.369,0.373,0.292,0.482,0.333,0.885,0.334,0.302,0.384,0.386,0.442,0.357,0.42,0.482,0.346,0.357,0.478,0.337,0.363,0.7,0.348,0.32,0.324,0.35,0.357,0.388,0.464,0.348,0.813,0.795,0.313,0.415,0.475,0.328,0.313,0.849,0.7,0.268,0.345,0.26,0.41,0.849,0.529,1,0.348,0.301,0.455,0.443,0.317,0.359,0.39,0.385,0.356,1,0.509,0.418,0.358,1,0.634,0.386,0.592,0.373,0.402,0.422,0.361,0.373,0.849,1,0.338,0.366,0.366,0.37,0.384,0.754,0.314,0.367,0.531,0.51,0.358,0.366,0.417,0.325,0.298,1,1,1,1,0.33,0.376,0.439,0.849,0.327,0.348,0.284,0.381,0.402,0.543,0.276,0.33,0.253,0.43,0.278,0.308,0.292,0.299,0.376,0.403,0.734,0.325,0.256,0.371,0.379,1,0.297,0.431,0.324,0.364,0.39,0.342,0.27,0.658,0.373,0.362,0.318,0.818,0.393,0.238,0.42,0.316,0.291,0.413,0.347,0.333,0.352,0.312,0.306,0.313
"CA3",0.771,0.527,0.315,0.342,0.771,0.349,0.477,0.771,0.503,0.426,0.444,1,0.664,0.481,0.467,0.335,0.662,0.348,0.361,1,0.543,0.386,0.297,0.426,0.43,0.444,0.394,0.886,0.494,0.415,0.38,0.384,0.449,0.396,0.495,0.37,0.373,0.744,0.412,0.338,0.414,0.426,0.548,0.603,0.375,0.737,1,0.409,0.665,0.39,0.424,0.488,0.744,0.295,0.405,0.499,0.624,0.389,0.372,0.684,0.516,0.528,0.461,0.696,0.72,0.676,0.364,0.636,0.558,0.418,0.686,0.427,0.793,0.723,0.454,0.404,0.4,0.414,0.437,0.377,0.539,0.414,0.362,0.4,0.396,0.671,0.374,0.413,0.362,0.388,0.412,0.454,0.379,0.288,0.39,0.286,0.353,0.462,0.31,0.676,0.412,0.525,0.855,0.32,0.444,0.423,0.59,0.404,0.33,0.703,0.698,0.324,0.33,0.362,0.412,0.704,0.677,0.766,0.762,0.582,0.386,0.6,0.663,0.771,0.849,0.32,0.565,0.94,0.6,0.263,0.444,0.444,0.444,0.412,0.366,0.347,0.649,0.402,0.572,0.454,0.382,0.573,0.609,0.469,0.363,0.748,0.551,0.378,0.334,0.645,0.394,0.268,0.591,0.356,0.445,0.29,0.348,0.642,0.581,0.412,0.533,0.793,0.418,0.744,0.621,0.74,0.476,0.387,0.33,0.416,0.522,0.397,0.738,0.52,0.858,0.637,0.387,0.524,0.703,0.684,0.673,0.349,0.483,0.414
"CALD1",0.54,0.445,0.51,0.457,0.54,0.322,0.783,0.54,0.621,0.514,0.359,0.664,1,0.353,0.567,0.422,0.749,0.418,0.452,1,0.561,0.361,0.48,0.373,0.352,0.359,0.483,0.666,0.645,0.575,0.368,0.542,0.549,0.443,0.504,0.379,0.377,0.525,0.38,0.448,0.496,0.514,0.606,0.558,0.337,0.557,0.664,0.484,0.797,0.472,0.61,0.623,0.555,0.387,0.487,0.601,0.69,0.33,0.433,0.653,0.495,0.819,0.513,0.503,0.511,0.616,0.474,0.59,0.6,0.505,0.63,0.575,0.605,0.64,0.691,0.389,0.339,0.496,0.328,0.461,0.701,0.496,0.302,0.377,0.443,0.664,0.427,0.586,0.302,0.556,0.38,0.691,0.466,0.514,0.587,0.55,0.449,0.572,0.434,0.64,0.38,0.537,0.606,0.494,0.359,0.392,0.621,0.371,1,0.592,0.59,0.575,1,0.302,0.38,0.84,0.479,0.613,0.654,0.685,0.386,0.55,0.508,0.51,0.602,0.494,0.603,0.67,0.7,0.34,0.359,0.359,0.359,0.38,0.653,0.544,0.671,0.334,0.623,0.691,0.453,0.669,0.504,0.427,0.549,0.602,0.409,0.548,0.401,0.509,0.503,0.432,0.613,0.51,0.352,0.475,0.346,0.65,0.679,0.38,0.522,0.749,0.505,0.572,0.589,0.52,0.405,0.344,1,0.483,0.553,0.321,0.634,0.401,0.764,0.63,0.484,0.507,0.606,0.535,0.487,0.447,0.581,0.496
"CARTPT",0.518,0.375,0.288,0.342,0.518,0.641,0.291,0.518,0.336,0.322,0.769,0.481,0.353,1,0.442,0.276,0.378,0.536,0.331,0.444,0.445,0.648,0.27,0.57,0.831,0.769,0.553,0.464,0.349,0.408,0.622,0.645,0.432,0.329,0.482,0.529,0.459,0.774,1,0.521,0.317,0.322,0.376,0.376,0.636,0.552,0.481,0.339,0.368,0.324,0.386,0.438,0.738,0.295,0.305,0.352,0.403,0.359,0.319,0.561,0.671,0.361,0.37,0.517,0.427,0.382,0.575,0.366,0.342,0.308,0.36,0.369,0.425,0.474,0.316,0.678,0.692,0.317,0.424,0.477,0.336,0.317,0.728,0.69,0.329,0.362,0.285,0.505,0.728,0.461,1,0.316,0.297,0.413,0.365,0.316,0.38,0.362,0.56,0.368,1,0.627,0.44,0.293,0.769,0.611,0.365,0.707,0.33,0.408,0.464,0.307,0.33,0.728,1,0.337,0.385,0.52,0.405,0.394,0.649,0.361,0.399,0.564,0.54,0.293,0.423,0.444,0.352,0.263,0.769,0.769,0.769,1,0.342,0.322,0.401,0.629,0.372,0.316,0.289,0.371,0.426,0.469,0.248,0.382,0.369,0.347,0.357,0.371,0.305,0.247,0.369,0.331,0.84,0.263,0.264,0.425,0.363,1,0.346,0.452,0.308,0.413,0.378,0.347,0.396,0.663,0.33,0.484,0.316,0.658,0.425,0.448,0.442,0.527,0.298,0.559,0.419,0.484,0.387,0.337,0.363,0.317
"CAV1",0.391,0.438,0.398,0.457,0.391,0.318,0.545,0.391,0.659,0.396,0.315,0.467,0.567,0.442,1,0.499,0.621,0.697,0.447,0.704,0.781,0.297,0.4,0.509,0.421,0.315,0.704,0.52,0.579,0.621,0.356,0.427,0.571,0.643,0.699,0.438,0.325,0.475,0.469,0.504,0.401,0.396,0.618,0.518,0.283,0.512,0.467,0.455,0.559,0.427,0.517,0.624,0.426,0.387,0.409,0.557,0.5,0.377,0.512,0.68,0.681,0.7,0.638,0.474,0.51,0.542,0.448,0.539,0.505,0.359,0.509,0.674,0.49,0.588,0.691,0.422,0.478,0.401,0.343,0.584,0.655,0.401,0.31,0.406,0.643,0.494,0.37,0.61,0.31,0.521,0.469,0.691,0.441,0.441,0.521,0.514,0.593,0.635,0.518,0.465,0.469,0.634,0.53,0.397,0.315,0.513,0.535,0.437,1,0.488,0.515,0.464,1,0.31,0.469,0.424,0.495,0.593,0.533,0.681,0.42,0.512,0.48,0.45,0.463,0.423,0.722,0.478,0.614,0.34,0.315,0.315,0.315,0.469,0.573,0.516,0.527,0.334,0.72,0.691,0.412,0.699,0.442,0.543,0.288,0.497,0.415,0.55,0.629,0.541,0.408,0.413,0.564,0.502,0.458,0.445,0.372,0.634,0.505,0.469,0.463,0.585,0.359,0.552,0.557,0.404,0.471,0.408,1,0.63,0.528,0.313,0.501,0.551,0.553,0.712,0.405,0.689,0.562,0.609,0.488,0.483,0.576,0.401
"CBX5",0.292,0.52,0.19,0.264,0.292,0.253,0.374,0.292,0.578,0.636,0.265,0.335,0.422,0.276,0.499,1,0.611,0.377,0.267,0.4,0.524,0.238,0.186,0.4,0.323,0.265,0.314,0.501,0.504,0.385,0.271,0.237,0.507,1,0.417,0.376,0.256,0.337,0.316,0.252,0.722,0.636,0.414,0.639,0.236,0.375,0.335,0.775,0.642,0.736,0.261,0.394,0.306,0.228,0.675,0.296,0.525,0.257,0.816,0.344,0.532,0.468,0.521,0.514,0.484,0.778,0.267,0.753,0.673,0.675,0.505,0.338,0.608,0.5,0.888,0.507,0.323,0.722,0.369,0.389,0.791,0.722,0.254,0.28,1,0.663,0.601,0.281,0.254,0.27,0.316,0.888,0.74,0.227,0.26,0.234,0.26,0.306,0.239,0.71,0.316,0.474,0.328,0.19,0.265,0.391,0.283,0.321,0.257,0.41,0.587,0.213,0.257,0.254,0.316,0.374,0.556,0.529,0.643,0.654,0.473,0.41,0.629,0.329,0.333,0.19,0.399,0.367,0.668,0.204,0.265,0.265,0.265,0.316,0.471,0.489,0.296,0.271,0.49,0.888,0.768,0.766,0.589,0.348,0.33,0.505,0.461,0.349,0.299,0.597,0.751,0.245,0.66,0.259,0.293,0.305,0.648,0.317,0.415,0.316,0.702,0.326,0.675,0.599,0.6,0.33,0.611,0.318,0.257,0.294,0.829,0.315,0.634,0.411,0.329,0.333,0.729,0.412,0.65,0.475,0.551,0.221,0.557,0.722
"CCDC8",0.535,0.5,0.452,0.457,0.535,0.336,0.654,0.535,0.729,0.462,0.371,0.662,0.749,0.378,0.621,0.611,1,0.502,0.436,1,0.675,0.357,0.431,0.443,0.394,0.371,0.502,0.696,0.649,0.565,0.38,0.493,0.53,0.697,0.507,0.427,0.38,0.566,0.412,0.441,0.555,0.462,0.631,0.688,0.34,0.595,0.662,0.585,0.806,0.545,0.551,0.578,0.555,0.387,0.478,0.602,0.632,0.349,0.611,0.678,0.625,0.692,0.611,0.605,0.613,0.763,0.468,0.741,0.733,0.538,0.656,0.589,0.763,0.698,0.523,0.443,0.372,0.555,0.39,0.488,0.806,0.555,0.322,0.393,0.697,0.717,0.432,0.567,0.322,0.521,0.412,0.523,0.515,0.469,0.547,0.499,0.454,0.59,0.423,0.707,0.412,0.62,0.619,0.442,0.371,0.421,0.605,0.408,1,0.616,0.715,0.519,1,0.322,0.412,0.588,0.63,0.671,0.739,0.817,0.433,0.553,0.724,0.552,0.62,0.442,0.603,0.681,0.786,0.34,0.371,0.371,0.371,0.412,0.601,0.617,0.646,0.356,0.633,0.523,0.574,0.806,0.658,0.469,0.497,0.659,0.472,0.585,0.43,0.675,0.576,0.448,0.764,0.489,0.386,0.52,0.534,0.658,0.696,0.412,0.659,0.726,0.538,0.712,0.718,0.559,0.556,0.383,1,0.512,0.77,0.377,0.645,0.422,0.74,0.638,0.566,0.511,0.748,0.615,0.628,0.446,0.695,0.555
"CD9",0.494,0.294,0.399,0.457,0.494,0.563,0.421,0.494,0.47,0.277,0.491,0.348,0.418,0.536,0.697,0.377,0.502,1,0.461,0.427,0.648,0.446,0.402,0.512,0.53,0.491,0.667,0.372,0.414,0.5,0.587,0.568,0.481,0.341,0.486,0.474,0.415,0.534,1,0.717,0.28,0.277,0.508,0.376,0.434,0.515,0.348,0.36,0.436,0.308,0.539,0.452,0.516,0.387,0.3,0.468,0.453,0.429,0.451,0.563,0.677,0.477,0.496,0.509,0.354,0.41,0.648,0.408,0.356,0.269,0.359,0.574,0.356,0.586,0.348,0.508,0.614,0.28,0.414,0.619,0.504,0.28,0.573,0.522,0.341,0.319,0.282,0.677,0.573,0.684,1,0.348,0.356,0.605,0.542,0.565,0.533,0.527,0.701,0.324,1,0.646,0.454,0.396,0.491,0.565,0.464,0.519,1,0.382,0.478,0.492,1,0.573,1,0.293,0.418,0.434,0.373,0.594,0.591,0.39,0.348,0.523,0.515,0.438,0.583,0.37,0.472,0.34,0.491,0.491,0.491,1,0.471,0.489,0.459,0.556,0.49,0.348,0.299,0.571,0.455,0.543,0.217,0.369,0.275,0.589,0.521,0.412,0.277,0.422,0.43,0.54,0.621,0.473,0.28,0.605,0.369,1,0.311,0.47,0.269,0.418,0.445,0.333,0.29,0.566,1,0.614,0.424,0.483,0.353,0.319,0.436,0.5,0.284,0.5,0.352,0.437,0.379,0.468,0.428,0.28
"CDH23",0.312,0.243,0.492,0.388,0.312,0.332,0.46,0.312,0.427,0.284,0.407,0.361,0.452,0.331,0.447,0.267,0.436,0.461,1,0.427,0.455,0.364,0.475,0.339,0.347,0.407,0.5,0.355,0.402,0.507,0.382,0.529,0.591,0.268,0.546,0.354,0.368,0.417,0.469,0.442,0.284,0.284,0.503,0.386,0.343,0.347,0.361,0.329,0.469,0.294,0.702,0.487,0.41,0.334,0.275,0.512,0.3,0.398,0.336,0.469,0.373,0.462,0.418,0.321,0.32,0.334,0.456,0.324,0.292,0.287,0.402,0.509,0.34,0.485,0.348,0.369,0.376,0.284,0.222,0.455,0.375,0.284,0.331,0.371,0.268,0.306,0.252,0.467,0.331,0.629,0.469,0.348,0.284,0.487,0.649,0.525,0.53,0.6,0.423,0.319,0.469,0.407,0.353,0.625,0.407,0.341,0.461,0.34,0.687,0.34,0.325,0.524,0.687,0.331,0.469,0.289,0.314,0.328,0.336,0.482,0.37,0.378,0.322,0.331,0.347,0.497,0.414,0.354,0.408,0.298,0.407,0.407,0.407,0.469,0.499,0.581,0.515,0.366,0.379,0.348,0.266,0.477,0.288,0.543,0.242,0.309,0.229,0.623,0.403,0.296,0.27,0.495,0.456,0.501,0.351,0.472,0.242,0.47,0.419,0.469,0.274,0.529,0.287,0.328,0.479,0.284,0.249,0.34,0.687,0.425,0.31,0.369,0.341,0.261,0.463,0.407,0.269,0.528,0.314,0.317,0.301,0.432,0.424,0.284
"CDO1",1,0.523,0.306,0.316,1,0.38,1,1,1,0.4,0.427,1,1,0.444,0.704,0.4,1,0.427,0.427,1,1,0.38,0.306,0.454,0.427,0.427,0.444,1,1,0.482,0.427,0.38,0.427,0.34,0.482,0.427,0.427,0.841,0.38,0.38,0.4,0.4,1,1,0.38,1,1,0.4,1,0.4,0.427,0.482,1,0.273,0.4,0.704,1,0.427,0.427,0.841,0.841,0.841,0.841,0.841,0.841,1,0.427,1,0.841,0.4,1,1,1,1,0.4,0.427,0.427,0.4,0.446,0.523,1,0.4,0.38,0.427,0.34,1,0.34,0.539,0.38,0.427,0.38,0.4,0.4,0.306,0.427,0.306,0.427,0.841,0.306,1,0.38,0.841,1,0.306,0.427,0.482,1,0.427,0.306,0.841,1,0.328,0.306,0.38,0.38,1,0.841,1,1,1,0.427,1,0.841,0.841,1,0.306,1,1,1,0.244,0.427,0.427,0.427,0.38,0.375,0.427,1,0.427,1,0.4,0.4,1,1,0.427,0.352,1,0.523,0.427,0.438,1,0.4,0.306,1,0.427,0.444,0.306,0.34,0.841,1,0.38,1,0.841,0.4,1,1,1,0.482,0.427,0.306,0.491,1,0.38,0.841,0.482,1,1,0.4,0.482,1,0.841,0.841,0.396,0.523,0.4
"CFTR",0.45,0.458,0.391,0.457,0.45,0.329,0.538,0.45,0.648,0.408,0.332,0.543,0.561,0.445,0.781,0.524,0.675,0.648,0.455,1,1,0.308,0.383,0.485,0.412,0.332,0.672,0.603,0.552,0.654,0.368,0.424,0.559,1,0.584,0.416,0.34,0.52,0.469,0.427,0.424,0.408,0.565,0.615,0.297,0.546,0.543,0.475,0.593,0.456,0.52,0.57,0.487,0.387,0.433,0.589,0.554,0.375,0.545,0.749,0.751,0.622,0.638,0.558,0.545,0.632,0.444,0.634,0.573,0.356,0.571,0.674,0.61,0.675,0.454,0.456,0.475,0.424,0.371,0.596,0.712,0.424,0.322,0.404,1,0.544,0.398,0.634,0.322,0.516,0.469,0.454,0.457,0.428,0.557,0.548,0.575,0.641,0.527,0.544,0.469,0.679,0.53,0.389,0.332,0.474,0.542,0.422,1,0.52,0.576,0.471,1,0.322,0.469,0.448,0.576,0.671,0.593,0.734,0.447,0.573,0.585,0.493,0.53,0.389,0.614,0.562,0.651,0.34,0.332,0.332,0.332,0.469,0.564,0.504,0.613,0.348,0.645,0.454,0.451,0.746,0.533,1,0.262,0.559,0.42,0.557,0.648,0.583,0.434,0.408,0.645,0.486,0.457,0.443,0.439,0.652,0.512,0.469,0.524,0.611,0.356,0.65,0.643,0.469,0.486,0.401,1,0.664,0.602,0.33,0.566,0.468,0.612,0.72,0.433,0.652,0.624,0.643,0.579,0.471,0.564,0.424
"CHAD",0.471,0.232,0.615,1,0.471,0.853,0.309,0.471,0.304,0.284,0.798,0.386,0.361,0.648,0.297,0.238,0.357,0.446,0.364,0.38,0.308,1,0.367,0.616,0.593,0.798,0.294,0.361,0.326,0.386,0.89,0.729,0.396,0.24,0.351,0.801,0.852,0.721,1,0.705,0.279,0.284,0.348,0.314,0.918,0.463,0.386,0.32,0.375,0.262,0.463,0.37,0.714,0.837,0.269,0.374,0.35,0.381,0.311,0.394,0.423,0.327,0.326,0.436,0.298,0.32,0.782,0.307,0.283,0.289,0.317,0.343,0.341,0.416,0.316,0.673,0.658,0.279,0.354,0.437,0.308,0.279,0.734,0.829,0.24,0.305,0.228,0.426,0.734,0.514,1,0.316,0.266,0.478,0.426,0.351,0.335,0.367,0.395,0.316,1,0.508,0.364,0.389,0.798,0.693,0.376,0.689,0.457,0.345,0.385,0.391,0.457,0.734,1,0.298,0.318,0.323,0.327,0.36,0.769,0.281,0.324,0.485,0.464,0.389,0.351,0.364,0.297,0.726,0.798,0.798,0.798,1,0.367,0.367,0.414,0.647,0.302,0.316,0.255,0.35,0.365,0.469,0.244,0.294,0.225,0.409,0.265,0.273,0.262,0.324,0.33,0.388,0.568,0.359,0.23,0.519,0.334,1,0.267,0.434,0.289,0.319,0.341,0.299,0.243,0.679,0.457,0.348,0.282,0.681,0.344,0.214,0.393,0.315,0.262,0.359,0.307,0.294,0.306,0.32,0.324,0.279
"CLDN10",0.253,0.173,0.637,0.457,0.253,0.304,0.447,0.253,0.443,0.217,0.331,0.297,0.48,0.27,0.4,0.186,0.431,0.402,0.475,0.306,0.383,0.367,1,0.28,0.267,0.331,0.444,0.277,0.273,0.541,0.349,0.638,0.455,0.177,0.405,0.338,0.372,0.331,0.33,0.57,0.216,0.217,0.346,0.245,0.332,0.267,0.297,0.253,0.497,0.222,0.734,0.587,0.326,0.387,0.205,0.543,0.221,0.323,0.24,0.476,0.317,0.417,0.444,0.25,0.247,0.249,0.484,0.239,0.218,0.226,0.322,0.49,0.263,0.353,0.257,0.282,0.292,0.216,0.16,0.38,0.334,0.216,0.269,0.339,0.177,0.234,0.165,0.556,0.269,0.626,0.33,0.257,0.204,0.599,0.653,0.64,0.438,0.497,0.452,0.245,0.33,0.366,0.319,0.599,0.331,0.289,0.627,0.298,1,0.268,0.25,0.803,1,0.269,0.33,0.224,0.242,0.249,0.255,0.405,0.3,0.262,0.25,0.269,0.276,0.817,0.357,0.28,0.336,0.34,0.331,0.331,0.331,0.33,0.612,0.609,0.52,0.297,0.353,0.257,0.196,0.401,0.219,0.373,0.178,0.228,0.167,0.618,0.347,0.21,0.203,0.489,0.332,0.572,0.277,0.579,0.175,0.526,0.259,0.33,0.208,0.638,0.226,0.246,0.35,0.228,0.188,0.29,1,0.395,0.219,0.303,0.263,0.194,0.51,0.409,0.203,0.397,0.238,0.233,0.232,0.449,0.453,0.216
"COL7A1",0.418,0.461,0.465,0.837,0.418,0.67,0.332,0.418,0.404,0.361,0.576,0.426,0.373,0.57,0.509,0.4,0.443,0.512,0.339,0.454,0.485,0.616,0.28,1,0.608,0.576,0.452,0.478,0.404,0.472,0.728,0.497,0.482,0.52,0.514,0.822,0.67,0.655,1,0.569,0.403,0.361,0.433,0.474,0.659,0.556,0.426,0.435,0.433,0.413,0.375,0.474,0.62,1,0.361,0.38,0.426,0.34,0.431,0.503,0.579,0.428,0.41,0.479,0.522,0.451,0.704,0.444,0.446,0.375,0.39,0.424,0.477,0.477,0.348,0.636,0.642,0.403,0.441,0.561,0.442,0.403,0.517,0.736,0.52,0.438,0.332,0.471,0.517,0.42,1,0.348,0.354,0.372,0.373,0.342,0.391,0.403,0.419,0.439,1,0.679,0.414,0.292,0.576,0.798,0.381,0.717,0.387,0.407,0.523,0.311,0.387,0.517,1,0.343,0.402,0.521,0.468,0.466,0.755,0.421,0.49,0.461,0.461,0.292,0.48,0.415,0.446,0.841,0.576,0.576,0.576,1,0.424,0.41,0.409,0.523,0.452,0.348,0.405,0.454,0.496,0.543,0.248,0.465,0.44,0.36,0.438,0.496,0.42,0.27,0.496,0.342,0.578,0.278,0.388,0.576,0.396,1,0.429,0.434,0.375,0.461,0.468,0.34,0.432,0.697,0.387,0.466,0.409,0.484,0.436,0.466,0.418,0.492,0.409,0.508,0.504,0.503,0.416,0.33,0.499,0.403
"CXCL1",0.456,0.371,0.281,0.388,0.456,0.609,0.308,0.456,0.346,0.305,0.732,0.43,0.352,0.831,0.421,0.323,0.394,0.53,0.347,0.427,0.412,0.593,0.267,0.608,1,0.732,0.501,0.419,0.375,0.425,0.65,0.59,0.426,0.291,0.459,0.612,0.522,0.753,1,0.536,0.356,0.305,0.4,0.391,0.584,0.546,0.43,0.393,0.393,0.347,0.387,0.398,0.727,0.334,0.294,0.372,0.391,0.372,0.376,0.514,0.714,0.374,0.383,0.46,0.416,0.389,0.613,0.375,0.367,0.367,0.348,0.398,0.415,0.454,0.348,0.678,0.686,0.356,0.427,0.494,0.363,0.356,0.655,0.76,0.291,0.374,0.265,0.49,0.655,0.454,1,0.348,0.293,0.401,0.381,0.321,0.386,0.391,0.494,0.383,1,0.646,0.413,0.285,0.732,0.627,0.374,0.858,0.373,0.402,0.458,0.312,0.373,0.655,1,0.336,0.376,0.472,0.404,0.408,0.66,0.337,0.413,0.488,0.479,0.285,0.405,0.412,0.359,0.298,0.732,0.732,0.732,1,0.338,0.391,0.412,0.655,0.363,0.348,0.336,0.397,0.44,0.543,0.25,0.389,0.372,0.364,0.347,0.397,0.358,0.253,0.421,0.352,0.797,0.263,0.312,0.402,0.383,1,0.354,0.421,0.367,0.387,0.406,0.338,0.368,0.723,0.373,0.446,0.343,0.606,0.399,0.364,0.415,0.454,0.348,0.494,0.419,0.423,0.369,0.332,0.401,0.356
"CXCL5",0.519,0.262,0.353,0.388,0.519,0.746,0.303,0.519,0.318,0.32,1,0.444,0.359,0.769,0.315,0.265,0.371,0.491,0.407,0.427,0.332,0.798,0.331,0.576,0.732,1,0.305,0.413,0.368,0.4,0.759,0.794,0.461,0.268,0.404,0.607,0.631,0.894,1,0.603,0.313,0.32,0.397,0.353,0.784,0.568,0.444,0.369,0.373,0.292,0.482,0.333,0.885,0.334,0.302,0.384,0.386,0.442,0.357,0.42,0.482,0.346,0.357,0.478,0.337,0.363,0.7,0.348,0.32,0.324,0.35,0.357,0.388,0.464,0.348,0.813,0.795,0.313,0.415,0.475,0.328,0.313,0.849,0.7,0.268,0.345,0.26,0.41,0.849,0.529,1,0.348,0.301,0.455,0.443,0.317,0.359,0.39,0.385,0.356,1,0.509,0.418,0.358,1,0.634,0.386,0.592,0.373,0.402,0.422,0.361,0.373,0.849,1,0.338,0.366,0.366,0.37,0.384,0.754,0.314,0.367,0.531,0.51,0.358,0.366,0.417,0.325,0.298,1,1,1,1,0.33,0.376,0.439,0.849,0.327,0.348,0.284,0.381,0.402,0.543,0.276,0.33,0.253,0.43,0.278,0.308,0.292,0.299,0.376,0.403,0.734,0.325,0.256,0.371,0.379,1,0.297,0.431,0.324,0.364,0.39,0.342,0.27,0.658,0.373,0.362,0.318,0.818,0.393,0.238,0.42,0.316,0.291,0.413,0.347,0.333,0.352,0.312,0.306,0.313
"CYBA",0.33,0.367,0.458,0.457,0.33,0.314,0.469,0.33,0.475,0.3,0.305,0.394,0.483,0.553,0.704,0.314,0.502,0.667,0.5,0.444,0.672,0.294,0.444,0.452,0.501,0.305,1,0.421,0.405,0.678,0.357,0.472,0.536,0.444,0.606,0.401,0.321,0.421,0.469,0.452,0.305,0.3,0.472,0.403,0.276,0.422,0.394,0.334,0.5,0.364,0.595,0.618,0.382,0.387,0.301,0.561,0.361,0.294,0.342,0.647,0.642,0.548,0.468,0.393,0.425,0.386,0.463,0.381,0.369,0.277,0.42,0.611,0.401,0.507,0.348,0.357,0.492,0.305,0.277,0.524,0.462,0.305,0.301,0.454,0.444,0.35,0.28,0.644,0.301,0.574,0.469,0.348,0.297,0.489,0.589,0.622,0.569,0.575,0.705,0.355,0.469,0.646,0.386,0.455,0.305,0.451,0.488,0.514,1,0.378,0.402,0.511,1,0.301,0.469,0.313,0.37,0.508,0.4,0.538,0.37,0.42,0.392,0.381,0.387,0.455,0.519,0.387,0.461,0.34,0.305,0.305,0.305,0.469,0.562,0.495,0.506,0.321,0.495,0.348,0.303,0.528,0.352,0.543,0.211,0.382,0.347,0.561,0.593,0.387,0.307,0.42,0.476,0.499,0.55,0.442,0.284,0.668,0.374,0.469,0.348,0.568,0.277,0.408,0.484,0.322,0.385,0.449,1,0.584,0.343,0.277,0.395,0.464,0.512,0.643,0.302,0.614,0.424,0.5,0.388,0.522,0.533,0.305
"DAB1",0.714,0.762,0.292,0.342,0.714,0.367,0.495,0.714,0.57,0.621,0.413,0.886,0.666,0.464,0.52,0.501,0.696,0.372,0.355,1,0.603,0.361,0.277,0.478,0.419,0.413,0.421,1,0.54,0.473,0.39,0.359,0.673,0.871,0.585,0.41,0.361,0.692,0.412,0.352,0.626,0.621,0.592,0.761,0.352,0.758,0.886,0.592,0.713,0.619,0.397,0.577,0.683,0.295,0.621,0.484,0.722,0.372,0.532,0.653,0.568,0.584,0.512,0.822,0.809,0.789,0.374,0.772,0.713,0.534,0.769,0.453,0.914,0.804,0.508,0.538,0.458,0.626,0.544,0.462,0.668,0.626,0.382,0.386,0.871,0.822,0.577,0.435,0.382,0.4,0.412,0.508,0.549,0.317,0.375,0.32,0.35,0.46,0.343,0.821,0.412,0.612,0.784,0.295,0.413,0.5,0.563,0.399,0.33,0.666,0.803,0.31,0.33,0.382,0.412,0.683,0.731,0.901,0.826,0.678,0.505,0.643,0.84,0.725,0.797,0.295,0.615,0.856,0.671,0.263,0.413,0.413,0.413,0.412,0.566,0.414,0.61,0.414,0.699,0.508,0.612,0.662,0.769,0.469,0.393,0.81,0.677,0.363,0.362,0.739,0.62,0.256,0.767,0.346,0.455,0.271,0.607,0.612,0.59,0.412,0.696,0.721,0.534,0.843,0.78,0.667,0.7,0.398,0.33,0.425,0.661,0.369,0.848,0.644,0.787,0.644,0.607,0.593,0.859,0.787,0.785,0.34,0.624,0.626
"DCTN1",0.423,0.414,0.278,0.423,0.423,0.323,0.675,0.423,0.7,0.468,0.368,0.494,0.645,0.349,0.579,0.504,0.649,0.414,0.402,1,0.552,0.326,0.273,0.404,0.375,0.368,0.405,0.54,1,0.43,0.377,0.348,0.472,0.721,0.464,0.404,0.372,0.512,0.654,0.353,0.47,0.468,0.714,0.611,0.318,0.541,0.494,0.487,0.564,0.49,0.391,0.398,0.482,0.36,0.47,0.434,0.633,0.361,0.5,0.504,0.536,0.717,0.646,0.491,0.486,0.592,0.391,0.589,0.658,0.452,0.515,0.546,0.523,0.569,0.654,0.441,0.384,0.47,0.319,0.501,0.625,0.47,0.318,0.378,0.721,0.577,0.395,0.382,0.318,0.392,0.654,0.654,0.465,0.302,0.397,0.312,0.494,0.638,0.3,0.562,0.654,0.54,0.486,0.377,0.368,0.437,0.437,0.383,0.687,0.609,0.535,0.321,0.687,0.318,0.654,0.585,0.475,0.563,0.564,0.752,0.443,0.543,0.498,0.461,0.49,0.277,0.588,0.505,0.648,0.316,0.368,0.368,0.368,0.654,0.429,0.404,0.491,0.358,0.558,0.654,0.47,0.63,0.469,0.543,0.546,0.495,0.373,0.394,0.459,0.477,0.472,0.335,0.561,0.353,0.379,0.29,0.365,0.474,0.779,0.654,0.609,0.483,0.452,0.525,0.527,0.416,0.39,0.364,0.687,0.473,0.616,0.322,0.579,0.37,0.504,0.459,0.468,0.452,0.553,0.524,0.485,0.383,0.418,0.47
"DUOX1",0.353,0.432,0.559,0.457,0.353,0.355,0.533,0.353,0.553,0.376,0.4,0.415,0.575,0.408,0.621,0.385,0.565,0.5,0.507,0.482,0.654,0.386,0.541,0.472,0.425,0.4,0.678,0.473,0.43,1,0.41,0.599,0.6,0.643,0.655,0.473,0.403,0.454,0.469,0.521,0.391,0.376,0.498,0.462,0.357,0.474,0.415,0.431,0.591,0.405,0.647,0.737,0.434,0.387,0.386,0.742,0.402,0.519,0.511,0.716,0.594,0.599,0.493,0.427,0.488,0.434,0.546,0.436,0.425,0.342,0.497,0.643,0.454,0.521,0.411,0.451,0.463,0.391,0.333,0.661,0.538,0.391,0.343,0.431,0.643,0.426,0.334,0.652,0.343,0.611,0.469,0.411,0.364,0.568,0.692,0.65,0.529,0.629,0.536,0.426,0.469,0.631,0.404,0.555,0.4,0.525,0.552,0.438,1,0.398,0.459,0.667,1,0.343,0.469,0.352,0.398,0.483,0.456,0.588,0.445,0.439,0.455,0.391,0.401,0.555,0.591,0.408,0.527,0.34,0.4,0.4,0.4,0.469,0.696,0.613,0.694,0.381,0.563,0.411,0.398,0.567,0.422,1,0.265,0.462,0.39,0.6,0.545,0.476,0.397,0.5,0.54,0.713,0.428,0.538,0.376,0.596,0.406,0.469,0.435,0.653,0.342,0.468,0.542,0.346,0.432,0.407,1,0.586,0.405,0.359,0.441,0.498,0.576,0.601,0.389,0.608,0.5,0.466,0.425,0.502,0.648,0.391
"EFEMP1",0.582,0.272,0.599,1,0.582,0.955,0.329,0.582,0.337,0.301,0.759,0.38,0.368,0.622,0.356,0.271,0.38,0.587,0.382,0.427,0.368,0.89,0.349,0.728,0.65,0.759,0.357,0.39,0.377,0.41,1,0.671,0.426,0.301,0.388,0.861,0.882,0.723,1,0.797,0.299,0.301,0.387,0.356,0.89,0.604,0.38,0.354,0.383,0.292,0.446,0.368,0.718,1,0.292,0.394,0.462,0.4,0.356,0.435,0.548,0.363,0.369,0.559,0.342,0.352,0.921,0.342,0.321,0.296,0.34,0.381,0.367,0.534,0.348,0.692,0.772,0.299,0.485,0.559,0.347,0.299,0.777,0.884,0.301,0.332,0.246,0.536,0.777,0.623,1,0.348,0.291,0.581,0.431,0.386,0.376,0.396,0.531,0.34,1,0.626,0.371,0.365,0.759,0.85,0.386,0.784,0.457,0.362,0.495,0.376,0.457,0.777,1,0.314,0.339,0.376,0.357,0.428,0.907,0.316,0.353,0.595,0.574,0.365,0.441,0.37,0.33,0.841,0.759,0.759,0.759,1,0.38,0.39,0.426,0.789,0.342,0.348,0.282,0.389,0.487,0.543,0.25,0.328,0.252,0.418,0.316,0.315,0.289,0.327,0.371,0.404,0.73,0.346,0.253,0.575,0.369,1,0.301,0.414,0.296,0.355,0.378,0.312,0.266,0.881,0.457,0.457,0.316,0.644,0.367,0.239,0.387,0.363,0.287,0.398,0.345,0.354,0.341,0.338,0.349,0.299
"ENPP2",0.468,0.231,0.679,0.457,0.468,0.673,0.492,0.468,0.403,0.282,0.794,0.384,0.542,0.645,0.427,0.237,0.493,0.568,0.529,0.38,0.424,0.729,0.638,0.497,0.59,0.794,0.472,0.359,0.348,0.599,0.671,1,0.526,0.24,0.458,0.548,0.537,0.718,1,0.705,0.278,0.282,0.395,0.313,0.694,0.461,0.384,0.317,0.556,0.274,0.789,0.641,0.711,0.387,0.268,0.598,0.349,0.378,0.309,0.549,0.487,0.469,0.386,0.434,0.308,0.318,0.765,0.306,0.282,0.288,0.385,0.517,0.339,0.481,0.316,0.671,0.668,0.278,0.353,0.547,0.392,0.278,0.731,0.61,0.24,0.304,0.227,0.683,0.731,0.775,1,0.316,0.264,0.765,0.704,0.668,0.476,0.545,0.591,0.314,1,0.53,0.362,0.661,0.794,0.55,0.531,0.519,1,0.343,0.384,0.703,1,0.731,1,0.296,0.315,0.321,0.326,0.462,0.656,0.311,0.322,0.482,0.462,0.661,0.432,0.362,0.387,0.34,0.794,0.794,0.794,1,0.659,0.586,0.595,0.643,0.385,0.316,0.254,0.458,0.363,0.469,0.242,0.293,0.224,0.67,0.379,0.272,0.261,0.541,0.395,0.606,0.565,0.631,0.23,0.572,0.333,1,0.266,0.706,0.288,0.317,0.415,0.296,0.242,0.529,1,0.481,0.281,0.678,0.342,0.237,0.579,0.458,0.26,0.462,0.306,0.298,0.304,0.479,0.505,0.278
"EPHX3",0.395,0.744,0.476,0.388,0.395,0.395,0.461,0.395,0.491,0.649,0.461,0.449,0.549,0.432,0.571,0.507,0.53,0.481,0.591,0.427,0.559,0.396,0.455,0.482,0.426,0.461,0.536,0.673,0.472,0.6,0.426,0.526,1,0.871,0.819,0.447,0.392,0.491,0.469,0.45,0.651,0.649,0.582,0.575,0.383,0.498,0.449,0.64,0.603,0.639,0.744,0.72,0.471,0.334,0.644,0.474,0.51,0.405,0.569,0.524,0.49,0.608,0.457,0.606,0.627,0.562,0.465,0.569,0.566,0.542,0.541,0.543,0.627,0.658,0.508,0.596,0.498,0.651,0.507,0.519,0.567,0.651,0.41,0.41,0.871,0.628,0.605,0.524,0.41,0.678,0.469,0.508,0.564,0.509,0.654,0.542,0.485,0.544,0.454,0.626,0.469,0.551,0.422,0.482,0.461,0.522,0.467,0.404,0.687,0.435,0.575,0.519,0.687,0.41,0.469,0.422,0.503,0.63,0.55,0.612,0.551,0.5,0.663,0.43,0.43,0.482,0.518,0.421,0.515,0.298,0.461,0.461,0.461,0.469,0.774,0.551,0.5,0.448,0.609,0.508,0.628,0.623,0.595,0.543,0.38,0.554,0.631,0.64,0.404,0.589,0.638,0.398,0.752,0.47,0.446,0.449,0.629,0.487,0.438,0.469,0.553,0.569,0.542,0.592,0.765,0.34,0.687,0.413,0.687,0.448,0.535,0.416,0.638,0.63,0.505,0.504,0.624,0.779,0.637,0.573,0.564,0.4,0.712,0.651
"EYA4",0.34,0.871,0.177,0.183,0.34,0.301,0.443,0.34,1,1,0.268,0.396,0.443,0.329,0.643,1,0.697,0.341,0.268,0.34,1,0.24,0.177,0.52,0.291,0.268,0.444,0.871,0.721,0.643,0.301,0.24,0.871,1,0.643,0.497,0.268,0.396,0.24,0.301,1,1,0.694,1,0.24,0.539,0.396,1,0.697,1,0.268,0.643,0.34,0.144,1,0.34,1,0.268,1,0.396,1,0.643,1,1,0.694,1,0.301,1,1,0.697,1,0.694,1,1,0.439,1,0.444,1,0.555,0.694,1,1,0.301,0.268,1,1,1,0.407,0.301,0.301,0.24,0.439,1,0.301,0.268,0.329,0.268,0.396,0.301,1,0.24,0.871,0.396,0.177,0.268,0.643,0.34,0.291,0.177,0.396,0.697,0.209,0.177,0.301,0.24,0.382,0.729,0.871,0.697,1,1,0.616,1,0.396,0.396,0.177,0.643,0.396,0.697,0.117,0.268,0.268,0.268,0.24,0.871,0.697,0.34,0.301,1,0.439,1,1,1,0.268,0.359,0.694,0.694,0.268,0.52,0.694,1,0.177,1,0.268,0.329,0.177,1,0.396,0.408,0.24,0.721,0.396,0.697,1,1,0.34,1,0.301,0.177,0.359,1,0.245,1,0.643,0.396,0.452,1,0.643,1,0.871,1,0.213,0.697,1
"FAIM2",0.408,0.58,0.419,0.388,0.408,0.349,0.445,0.408,0.508,0.488,0.404,0.495,0.504,0.482,0.699,0.417,0.507,0.486,0.546,0.482,0.584,0.351,0.405,0.514,0.459,0.404,0.606,0.585,0.464,0.655,0.388,0.458,0.819,0.643,1,0.491,0.367,0.517,0.469,0.419,0.49,0.488,0.583,0.512,0.342,0.555,0.495,0.514,0.527,0.497,0.642,0.772,0.48,0.334,0.484,0.489,0.45,0.372,0.478,0.567,0.514,0.649,0.453,0.509,0.589,0.49,0.431,0.488,0.474,0.419,0.486,0.585,0.534,0.626,0.411,0.515,0.523,0.49,0.435,0.539,0.501,0.49,0.352,0.427,0.643,0.506,0.448,0.515,0.352,0.6,0.469,0.411,0.45,0.448,0.6,0.489,0.512,0.621,0.458,0.505,0.469,0.545,0.469,0.423,0.404,0.592,0.483,0.441,0.687,0.464,0.534,0.468,0.687,0.352,0.469,0.4,0.458,0.571,0.529,0.578,0.489,0.504,0.534,0.462,0.465,0.423,0.662,0.473,0.503,0.298,0.404,0.404,0.404,0.469,0.652,0.505,0.51,0.384,0.685,0.411,0.476,0.581,0.493,0.543,0.304,0.538,0.548,0.583,0.44,0.552,0.486,0.371,0.648,0.435,0.481,0.401,0.463,0.524,0.429,0.469,0.493,0.586,0.419,0.55,0.663,0.382,0.636,0.428,0.687,0.48,0.447,0.367,0.527,0.75,0.534,0.584,0.477,0.858,0.626,0.535,0.489,0.417,0.643,0.49
"FBN1",0.387,0.386,0.613,1,0.387,0.785,0.342,0.387,0.398,0.321,0.607,0.37,0.379,0.529,0.438,0.376,0.427,0.474,0.354,0.427,0.416,0.801,0.338,0.822,0.612,0.607,0.401,0.41,0.404,0.473,0.861,0.548,0.447,0.497,0.491,1,0.894,0.617,1,0.691,0.368,0.321,0.409,0.429,0.8,0.515,0.37,0.416,0.438,0.373,0.411,0.468,0.606,1,0.325,0.39,0.41,0.367,0.416,0.433,0.536,0.429,0.388,0.425,0.449,0.405,0.82,0.401,0.404,0.353,0.372,0.396,0.426,0.44,0.348,0.626,0.631,0.368,0.398,0.518,0.423,0.368,0.529,0.862,0.497,0.4,0.265,0.419,0.529,0.446,1,0.348,0.312,0.412,0.405,0.345,0.379,0.397,0.41,0.401,1,0.687,0.364,0.35,0.607,0.87,0.387,0.82,0.457,0.385,0.471,0.362,0.457,0.529,1,0.34,0.351,0.41,0.415,0.439,0.819,0.359,0.442,0.409,0.411,0.35,0.462,0.364,0.391,1,0.607,0.607,0.607,1,0.418,0.435,0.415,0.545,0.414,0.348,0.375,0.434,0.462,0.543,0.274,0.419,0.361,0.392,0.356,0.444,0.387,0.321,0.475,0.382,0.55,0.335,0.351,0.611,0.371,1,0.408,0.414,0.353,0.401,0.445,0.308,0.372,0.787,0.457,0.402,0.372,0.511,0.383,0.377,0.379,0.404,0.377,0.452,0.456,0.389,0.362,0.343,0.485,0.368
