"","ACE","ACOT11","ACSS3","ADAM11","ADAMTS12","AFAP1L1","ALDH1L1","ALOX12","ANGPTL2","ANK1","ANXA2","AOX1","APC","ATOH1","B3GAT1","BARD1","BMP7","CA3","CALD1","CARTPT","CAV1","CBX5","CCDC8","CCK","CCND2","CD200","CD248","CD44","CD9","CDH23","CDKN1B","CDO1","CDX2","CFTR","CHAD","CLDN10","CNN3","COL5A2","COL7A1","CPVL","CUL1","CX3CL1","CXCL1","CXCL5","CYB5R2","CYBA","DAB1","DCTN1","DSE","DUOX1","E2F8","EFEMP1","EFS","ENPP2","EPHX3","ESRRG","EYA4","FAIM2","FBN1","FBN2","FBXO17","FGF8","FJX1","FLOT1","FLRT2","FOXG1","GCM2","GCNT2","GFRA3","GIT1","GJA3","GLI3","GPR150","GREM1","GRHL3","GSTM2","GSX2","HAAO","HES5","HIF3A","HOXA7","HOXC4","ICAM4","IFNGR2","IGF2BP2","IKZF1","IL1B","ITIH5","JDP2","KCNH2","KLK13","KRT7","LAMA2","LAYN","LDB1","LMNA","LPAR1","LRRC4","LTF","MACF1","MAGI2","MAPK10","MIR9-1","MMP14","NAT8L","NDRG2","NEU1","NFATC3","NID2","NR1H3","NRG1","NSD1","NUAK1","PAH","PAX3","PDE4B","PDGFRB","PDLIM4","PDPN","PER1","PFKP","PHOX2A","PLTP","PON3","POU3F3","PPT2","PROM1","PYCARD","RARA","RARB","RARRES1","RARRES2","RASSF5","RBP1","REC8","RGMA","RHCG","RUSC1","SCGB3A1","SEMA5A","SERPINB1","SFRP5","SIM1","SIX2","SLC13A3","SLC17A9","SLC2A2","SLC4A11","SLC5A7","SLC6A3","SLCO4C1","SLFN11","SOSTDC1","SPARC","SPRY4","SSTR4","TAC1","TACC2","TET2","THBS4","TIAM1","TIMP2","TMEM106A","TUBA4B","TXNRD1","VANGL2","VIPR2","VWCE","WFDC2","WFDC5","WIF1","WIPF1","ZFP42","ZNF154"
"ACE",1,0.554,0.425,0.483,0.457,0.466,0.554,0.686,0.644,0.499,0.672,0.554,0.492,0.361,0.53,0.393,0.641,0.427,0.525,0.645,0.616,0.338,0.535,0.608,0.386,0.523,0.68,0.62,0.698,0.449,0.451,0.466,0.367,0.64,0.568,0.468,0.353,0.575,0.611,1,0.491,0.721,0.659,0.641,0.539,0.598,0.478,0.432,0.4,0.618,0.376,0.685,0.58,0.73,0.558,0.367,0.555,0.545,0.587,0.521,0.396,0.691,1,0.614,0.709,0.367,0.361,0.551,0.607,0.471,0.5,0.445,1,0.547,0.367,0.622,0.435,0.427,0.4,0.541,0.367,0.325,0.577,0.609,0.425,0.389,0.663,0.387,0.361,0.565,0.652,0.503,0.488,0.389,0.4,0.397,0.703,0.48,0.772,0.539,0.507,0.596,0.587,0.693,0.463,0.587,0.768,0.42,0.771,0.415,0.692,0.367,0.401,0.466,0.325,0.444,0.603,0.447,0.59,0.443,0.616,0.36,0.665,0.714,0.367,0.651,0.695,0.473,0.494,0.367,0.664,0.631,0.555,0.407,0.319,0.609,0.767,0.529,0.664,0.712,0.735,1,0.36,0.348,0.698,0.447,0.574,0.567,0.536,0.558,0.7,0.407,1,0.714,0.415,0.48,0.641,0.583,0.346,0.691,0.518,0.629,1,0.405,0.564,0.545,1,0.556,0.664,1,0.581,0.347,0.399,0.555
"ACOT11",0.554,1,0.429,0.269,0.316,1,1,0.791,0.649,0.397,0.431,1,0.425,0.36,0.374,0.381,0.519,0.771,0.54,0.518,0.391,0.292,0.535,0.466,0.443,0.348,0.575,0.484,0.494,0.312,0.54,1,0.353,0.45,0.471,0.253,0.512,0.377,0.418,1,0.442,0.495,0.456,0.519,0.406,0.33,0.714,0.423,0.415,0.353,0.506,0.582,0.497,0.468,0.395,0.353,0.34,0.408,0.387,0.361,0.636,0.666,0.593,0.39,0.517,0.353,0.36,0.419,0.479,0.468,0.246,0.516,0.306,0.46,0.353,0.807,0.545,0.771,0.351,0.552,0.334,0.352,0.357,0.389,0.595,0.498,0.73,0.273,0.343,0.386,0.611,0.668,0.335,0.332,0.322,0.44,0.531,0.273,0.517,0.416,0.381,0.58,0.804,0.548,0.538,0.887,0.587,0.548,0.538,0.518,0.471,0.353,0.426,1,0.352,0.567,0.423,0.401,0.379,0.634,0.785,0.4,0.463,0.634,0.353,0.644,0.497,0.507,0.446,0.353,0.743,0.426,0.34,0.555,0.324,0.389,0.551,0.597,0.743,0.632,0.563,0.593,0.4,0.323,0.566,0.353,0.337,0.322,0.309,0.375,0.521,0.561,0.593,0.462,0.668,0.273,0.519,0.626,0.326,0.551,0.489,0.408,0.306,0.503,0.75,0.287,0.306,0.841,0.743,0.593,0.446,0.563,0.481,0.34
"ACSS3",0.425,0.429,1,0.183,0.206,0.523,0.429,0.431,0.28,0.326,0.402,0.429,0.438,0.693,0.688,0.622,0.262,0.527,0.445,0.375,0.438,0.52,0.5,0.245,0.557,0.237,0.27,0.356,0.294,0.243,0.69,0.523,0.712,0.458,0.232,0.173,0.378,0.38,0.461,0.352,0.482,0.328,0.371,0.262,0.761,0.367,0.762,0.414,0.69,0.432,0.597,0.272,0.412,0.231,0.744,0.712,0.871,0.58,0.386,0.225,0.45,0.444,0.259,0.309,0.25,0.712,0.693,0.625,0.317,0.5,0.172,0.629,0.201,0.226,0.712,0.522,0.68,0.527,0.646,0.536,0.692,0.606,0.251,0.607,0.617,0.602,0.39,0.173,0.681,0.31,0.475,0.558,0.21,0.233,0.545,0.656,0.447,0.184,0.453,0.478,0.384,0.723,0.654,0.544,0.874,0.618,0.58,0.615,0.258,0.616,0.479,0.712,0.613,0.523,0.606,0.571,0.551,0.473,0.348,0.701,0.567,0.508,0.522,0.416,0.712,0.608,0.435,0.524,0.542,0.712,0.302,0.287,0.871,0.686,0.673,0.607,0.359,0.602,0.302,0.29,0.362,0.259,0.508,0.597,0.266,0.441,0.235,0.268,0.245,0.289,0.314,0.685,0.259,0.502,0.465,0.184,0.262,0.564,0.753,0.471,0.319,0.345,0.201,0.451,0.703,0.2,0.201,0.619,0.302,0.259,0.268,0.446,0.526,0.871
"ADAM11",0.483,0.269,0.183,1,0.837,0.306,0.269,0.506,0.582,0.465,0.411,0.269,0.36,0.23,0.397,0.202,0.353,0.315,0.51,0.288,0.398,0.19,0.452,0.322,0.221,0.502,0.655,0.427,0.399,0.492,0.24,0.306,0.227,0.391,0.615,0.637,0.244,0.569,0.465,0.193,0.366,0.509,0.281,0.353,0.387,0.458,0.292,0.278,0.203,0.559,0.236,0.599,0.584,0.679,0.476,0.227,0.177,0.419,0.613,0.702,0.267,0.348,0.33,0.373,0.579,0.227,0.23,0.474,0.587,0.333,0.73,0.251,1,0.679,0.227,0.277,0.278,0.315,0.264,0.527,0.231,0.239,0.768,0.643,0.247,0.237,0.343,1,0.215,0.562,0.322,0.229,0.62,0.304,0.249,0.234,0.496,0.656,0.325,0.43,0.327,0.452,0.265,0.368,0.259,0.273,0.326,0.258,0.717,0.247,0.438,0.227,0.227,0.306,0.239,0.331,0.456,0.259,0.483,0.275,0.364,0.257,0.296,0.307,0.227,0.169,0.39,0.216,0.346,0.227,0.287,0.589,0.177,0.245,0.176,0.643,0.588,0.233,0.287,0.653,0.51,0.33,0.257,0.215,0.644,0.194,0.676,0.677,0.439,0.508,0.49,0.256,0.33,0.464,0.292,0.656,0.353,0.539,0.199,0.496,0.488,0.492,1,0.281,0.259,0.696,1,0.33,0.287,0.33,0.363,0.238,0.256,0.177
"ADAMTS12",0.457,0.316,0.206,0.837,1,0.316,0.316,0.388,0.837,0.457,0.837,0.316,0.457,0.264,0.388,0.342,0.388,0.342,0.457,0.342,0.457,0.264,0.457,0.388,0.342,0.457,1,0.457,0.457,0.388,0.342,0.316,0.264,0.457,1,0.457,0.316,1,0.837,0.198,0.457,0.457,0.388,0.388,0.388,0.457,0.342,0.423,0.19,0.457,0.316,1,0.457,0.457,0.388,0.264,0.183,0.388,1,1,0.342,0.388,0.342,0.457,1,0.264,0.264,0.388,0.457,0.388,0.457,0.342,0.457,0.837,0.264,0.342,0.342,0.342,0.334,0.457,0.264,0.264,0.457,0.457,0.342,0.316,0.388,0.837,0.264,0.457,0.388,0.342,0.837,0.388,0.388,0.316,0.457,0.457,0.457,0.457,0.457,0.457,0.342,0.457,0.342,0.342,0.388,0.342,0.837,0.342,0.388,0.264,0.342,0.316,0.264,0.316,0.457,0.342,0.457,0.342,0.388,0.264,0.388,0.388,0.264,0.198,0.457,0.388,0.457,0.264,0.342,1,0.183,0.316,0.191,0.457,0.457,0.316,0.342,0.457,0.837,0.342,0.264,0.264,0.457,0.185,0.457,0.457,0.457,0.457,0.457,0.316,0.342,0.837,0.342,0.457,0.388,0.457,0.219,0.837,0.457,1,0.457,0.342,0.342,0.457,0.457,0.342,0.342,0.342,0.388,0.316,0.342,0.183
"AFAP1L1",0.466,1,0.523,0.306,0.316,1,1,1,0.38,1,0.841,1,1,0.4,0.427,0.841,0.427,1,1,0.444,0.704,0.4,1,0.427,1,0.427,0.316,1,0.427,0.427,1,1,0.4,1,0.38,0.306,1,0.427,0.454,0.231,1,0.704,0.427,0.427,0.523,0.444,1,1,0.482,0.482,1,0.427,0.841,0.38,0.427,0.4,0.34,0.482,0.427,0.427,1,0.841,0.38,0.539,0.38,0.4,0.4,0.482,1,1,0.306,1,0.306,0.38,0.4,1,0.841,1,0.4,1,0.4,0.4,0.427,0.482,1,1,1,0.273,0.4,0.704,0.841,1,0.427,0.427,0.427,1,0.841,0.306,0.841,0.841,0.841,1,0.841,1,0.841,1,0.841,1,0.427,1,0.427,0.4,0.841,1,0.4,1,0.841,0.841,1,1,1,0.4,0.427,0.427,0.4,0.446,0.523,1,1,0.4,0.38,0.427,0.34,1,0.34,0.482,0.539,1,0.38,0.427,0.489,0.38,0.4,0.4,0.306,0.421,0.427,0.306,0.427,0.841,0.306,1,0.38,0.841,1,0.306,0.427,1,0.34,0.482,1,0.427,0.306,0.841,1,0.328,0.306,0.841,0.38,0.38,0.427,1,0.841,0.34
"ALDH1L1",0.554,1,0.429,0.269,0.316,1,1,0.791,0.649,0.397,0.431,1,0.425,0.36,0.374,0.381,0.519,0.771,0.54,0.518,0.391,0.292,0.535,0.466,0.443,0.348,0.575,0.484,0.494,0.312,0.54,1,0.353,0.45,0.471,0.253,0.512,0.377,0.418,1,0.442,0.495,0.456,0.519,0.406,0.33,0.714,0.423,0.415,0.353,0.506,0.582,0.497,0.468,0.395,0.353,0.34,0.408,0.387,0.361,0.636,0.666,0.593,0.39,0.517,0.353,0.36,0.419,0.479,0.468,0.246,0.516,0.306,0.46,0.353,0.807,0.545,0.771,0.351,0.552,0.334,0.352,0.357,0.389,0.595,0.498,0.73,0.273,0.343,0.386,0.611,0.668,0.335,0.332,0.322,0.44,0.531,0.273,0.517,0.416,0.381,0.58,0.804,0.548,0.538,0.887,0.587,0.548,0.538,0.518,0.471,0.353,0.426,1,0.352,0.567,0.423,0.401,0.379,0.634,0.785,0.4,0.463,0.634,0.353,0.644,0.497,0.507,0.446,0.353,0.743,0.426,0.34,0.555,0.324,0.389,0.551,0.597,0.743,0.632,0.563,0.593,0.4,0.323,0.566,0.353,0.337,0.322,0.309,0.375,0.521,0.561,0.593,0.462,0.668,0.273,0.519,0.626,0.326,0.551,0.489,0.408,0.306,0.503,0.75,0.287,0.306,0.841,0.743,0.593,0.446,0.563,0.481,0.34
"ALOX12",0.686,0.791,0.431,0.506,0.388,1,0.791,1,0.563,0.594,0.599,0.791,0.578,0.368,0.563,0.459,0.499,0.714,0.696,0.494,0.623,0.334,0.696,0.476,0.509,0.582,0.589,0.641,0.645,0.559,0.583,1,0.368,0.642,0.459,0.494,0.531,0.427,0.467,1,0.601,0.713,0.477,0.499,0.605,0.566,0.693,0.542,0.427,0.573,0.525,0.568,0.722,0.622,0.611,0.368,0.396,0.637,0.438,0.423,0.639,0.68,0.593,0.566,0.62,0.368,0.368,0.643,0.719,0.617,0.519,0.564,0.846,0.442,0.368,0.773,0.594,0.714,0.399,0.703,0.367,0.361,0.694,0.612,0.634,0.523,0.68,0.334,0.362,0.626,0.656,0.677,0.398,0.403,0.389,0.486,0.726,0.509,0.648,0.657,0.526,0.733,0.749,0.683,0.598,0.814,0.735,0.591,0.64,0.568,0.621,0.368,0.503,1,0.361,0.616,0.67,0.502,0.612,0.647,0.879,0.454,0.472,0.587,0.368,0.546,0.611,0.555,0.589,0.368,0.592,0.465,0.396,0.558,0.317,0.612,0.728,0.605,0.592,0.824,0.676,0.593,0.454,0.35,0.692,0.376,0.65,0.558,0.521,0.65,0.63,0.561,0.593,0.609,0.664,0.509,0.499,0.781,0.324,0.563,0.655,0.458,0.846,0.575,0.736,0.547,0.846,1,0.592,0.593,0.473,0.556,0.552,0.396
"ANGPTL2",0.644,0.649,0.28,0.582,0.837,0.38,0.649,0.563,1,0.279,0.486,0.649,0.297,0.292,0.345,0.269,0.746,0.349,0.322,0.641,0.318,0.253,0.336,0.667,0.278,0.383,0.758,0.415,0.563,0.332,0.32,0.38,0.291,0.329,0.853,0.304,0.293,0.746,0.67,1,0.29,0.572,0.609,0.746,0.344,0.314,0.367,0.323,0.245,0.355,0.295,0.955,0.353,0.673,0.395,0.291,0.301,0.349,0.785,0.779,0.308,0.69,1,0.37,0.739,0.291,0.292,0.369,0.337,0.344,0.298,0.329,0.387,0.919,0.291,0.58,0.339,0.349,0.324,0.345,0.283,0.286,0.396,0.335,0.312,0.3,0.685,1,0.282,0.334,0.522,0.457,0.724,0.353,0.314,0.294,0.393,0.322,0.503,0.312,0.325,0.353,0.6,0.452,0.315,0.567,0.528,0.322,0.892,0.312,0.64,0.291,0.29,0.38,0.286,0.312,0.346,0.289,0.33,0.341,0.527,0.316,0.663,0.766,0.291,0.534,0.531,0.323,0.308,0.291,0.859,0.81,0.301,0.31,0.248,0.335,0.532,0.329,0.859,0.639,0.778,1,0.316,0.276,0.6,0.234,0.375,0.352,0.327,0.34,0.542,0.319,1,0.559,0.336,0.322,0.746,0.364,0.267,0.817,0.341,0.705,0.387,0.321,0.503,0.329,0.387,0.412,0.859,1,0.575,0.28,0.301,0.301
"ANK1",0.499,0.397,0.326,0.465,0.457,1,0.397,0.594,0.279,1,0.514,0.397,0.612,0.37,0.439,0.391,0.303,0.477,0.783,0.291,0.545,0.374,0.654,0.393,0.459,0.6,0.379,0.589,0.421,0.46,0.455,1,0.372,0.538,0.309,0.447,0.503,0.331,0.332,0.231,0.53,0.563,0.308,0.303,0.444,0.469,0.495,0.675,0.301,0.533,0.483,0.329,0.583,0.492,0.461,0.372,0.443,0.445,0.342,0.332,0.442,0.414,0.38,0.559,0.439,0.372,0.37,0.443,0.601,0.62,0.48,0.533,1,0.284,0.372,0.446,0.475,0.477,0.387,0.668,0.367,0.365,0.537,0.533,0.599,0.422,0.433,0.387,0.366,0.548,0.42,0.558,0.294,0.338,0.376,0.436,0.584,0.455,0.483,0.712,0.557,0.622,0.391,0.632,0.406,0.457,0.473,0.496,0.461,0.485,0.42,0.372,0.484,1,0.365,0.51,0.566,0.573,0.641,0.469,0.551,0.691,0.332,0.299,0.372,0.25,0.511,0.496,0.621,0.372,0.26,0.335,0.443,0.504,0.299,0.533,0.583,0.537,0.26,0.509,0.444,0.38,0.691,0.353,0.537,0.238,0.534,0.559,0.527,0.643,0.422,0.488,0.38,0.515,0.457,0.603,0.303,0.643,0.274,0.346,0.556,0.337,1,0.45,0.478,0.518,1,0.841,0.26,0.38,0.308,0.56,0.376,0.443
"ANXA2",0.672,0.431,0.402,0.411,0.837,0.841,0.431,0.599,0.486,0.514,1,0.431,0.654,0.407,0.539,0.543,0.433,0.42,0.501,0.455,0.698,0.52,0.592,0.428,0.525,0.501,0.455,0.639,0.645,0.449,0.533,0.841,0.428,0.741,0.421,0.379,0.431,0.552,0.569,1,0.579,0.623,0.489,0.433,0.557,0.549,0.499,0.58,0.357,0.563,0.499,0.545,0.505,0.476,0.54,0.428,1,0.546,0.564,0.469,0.422,0.522,1,0.702,0.581,0.428,0.407,0.512,0.527,0.53,0.39,0.547,1,0.426,0.428,0.523,0.501,0.42,0.486,0.541,0.44,0.379,0.48,0.486,0.521,0.528,0.492,1,0.452,0.53,0.527,0.557,0.474,0.38,0.56,0.534,0.616,0.367,0.763,0.598,0.644,0.606,0.541,0.682,0.468,0.519,0.681,0.555,0.611,0.58,0.587,0.428,0.522,0.841,0.379,0.509,0.663,0.577,0.629,0.515,0.637,0.691,0.547,0.515,0.428,0.417,0.645,0.641,0.669,0.428,0.436,0.535,1,0.511,0.384,0.486,0.584,0.497,0.436,0.546,0.654,1,0.691,0.445,0.5,0.367,0.486,0.483,0.505,0.594,0.52,0.489,1,0.736,0.426,0.362,0.433,0.564,0.384,0.605,0.5,0.547,1,0.434,0.55,0.443,1,1,0.436,1,0.438,0.384,0.481,1
"AOX1",0.554,1,0.429,0.269,0.316,1,1,0.791,0.649,0.397,0.431,1,0.425,0.36,0.374,0.381,0.519,0.771,0.54,0.518,0.391,0.292,0.535,0.466,0.443,0.348,0.575,0.484,0.494,0.312,0.54,1,0.353,0.45,0.471,0.253,0.512,0.377,0.418,1,0.442,0.495,0.456,0.519,0.406,0.33,0.714,0.423,0.415,0.353,0.506,0.582,0.497,0.468,0.395,0.353,0.34,0.408,0.387,0.361,0.636,0.666,0.593,0.39,0.517,0.353,0.36,0.419,0.479,0.468,0.246,0.516,0.306,0.46,0.353,0.807,0.545,0.771,0.351,0.552,0.334,0.352,0.357,0.389,0.595,0.498,0.73,0.273,0.343,0.386,0.611,0.668,0.335,0.332,0.322,0.44,0.531,0.273,0.517,0.416,0.381,0.58,0.804,0.548,0.538,0.887,0.587,0.548,0.538,0.518,0.471,0.353,0.426,1,0.352,0.567,0.423,0.401,0.379,0.634,0.785,0.4,0.463,0.634,0.353,0.644,0.497,0.507,0.446,0.353,0.743,0.426,0.34,0.555,0.324,0.389,0.551,0.597,0.743,0.632,0.563,0.593,0.4,0.323,0.566,0.353,0.337,0.322,0.309,0.375,0.521,0.561,0.593,0.462,0.668,0.273,0.519,0.626,0.326,0.551,0.489,0.408,0.306,0.503,0.75,0.287,0.306,0.841,0.743,0.593,0.446,0.563,0.481,0.34
"APC",0.492,0.425,0.438,0.36,0.457,1,0.425,0.578,0.297,0.612,0.654,0.425,1,0.444,0.504,0.617,0.318,0.503,0.621,0.336,0.659,0.578,0.729,0.336,0.61,0.454,0.328,0.622,0.47,0.427,0.614,1,0.483,0.648,0.304,0.443,0.546,0.389,0.404,0.301,0.658,0.554,0.346,0.318,0.535,0.475,0.57,0.7,0.426,0.553,0.566,0.337,0.588,0.403,0.491,0.483,1,0.508,0.398,0.343,0.497,0.479,0.412,0.635,0.463,0.483,0.444,0.496,0.574,0.611,0.387,0.649,1,0.29,0.483,0.514,0.576,0.503,0.509,0.651,0.489,0.437,0.439,0.517,0.618,0.609,0.45,0.387,0.462,0.547,0.485,0.603,0.332,0.381,0.583,0.604,0.585,0.366,0.61,0.756,0.726,0.705,0.534,0.683,0.529,0.552,0.592,0.641,0.42,0.643,0.474,0.483,0.631,1,0.437,0.602,0.701,0.698,0.69,0.605,0.617,0.654,0.43,0.358,0.483,0.336,0.533,0.676,0.734,0.483,0.289,0.346,1,0.588,0.405,0.517,0.485,0.579,0.289,0.436,0.453,0.412,0.654,0.471,0.385,0.292,0.447,0.402,0.451,0.579,0.382,0.586,0.412,0.605,0.511,0.386,0.318,0.668,0.415,0.428,0.602,0.363,1,0.569,0.588,0.488,1,1,0.289,0.412,0.321,0.503,0.524,1
"ATOH1",0.361,0.36,0.693,0.23,0.264,0.4,0.36,0.368,0.292,0.37,0.407,0.36,0.444,1,0.582,0.641,0.32,0.426,0.514,0.322,0.396,0.636,0.462,0.298,0.629,0.292,0.268,0.315,0.277,0.284,0.626,0.4,0.939,0.408,0.284,0.217,0.401,0.314,0.361,0.301,0.452,0.336,0.305,0.32,0.654,0.3,0.621,0.468,0.558,0.376,0.726,0.301,0.354,0.282,0.649,0.939,1,0.488,0.321,0.274,0.357,0.394,0.316,0.316,0.276,0.939,1,0.511,0.295,0.427,0.212,0.577,0.257,0.275,0.939,0.429,0.891,0.426,0.827,0.675,0.885,0.849,0.305,0.489,0.656,0.671,0.361,0.228,0.934,0.287,0.396,0.58,0.252,0.283,0.668,0.709,0.374,0.232,0.396,0.49,0.396,0.619,0.642,0.503,0.549,0.482,0.48,0.712,0.288,0.707,0.466,0.939,0.634,0.4,0.849,0.56,0.514,0.472,0.307,0.667,0.529,1,0.551,0.367,0.939,0.442,0.382,0.441,0.617,0.939,0.308,0.287,1,0.746,0.82,0.489,0.305,0.516,0.308,0.311,0.364,0.316,1,0.829,0.261,0.325,0.287,0.264,0.258,0.289,0.27,0.778,0.316,0.426,0.383,0.232,0.32,0.493,0.784,0.404,0.304,0.29,0.257,0.402,0.548,0.247,0.257,0.454,0.308,0.316,0.328,0.485,0.502,1
"B3GAT1",0.53,0.374,0.688,0.397,0.388,0.427,0.374,0.563,0.345,0.439,0.539,0.374,0.504,0.582,1,0.569,0.369,0.431,0.494,0.413,0.668,0.501,0.503,0.361,0.515,0.524,0.36,0.51,0.499,0.518,0.609,0.427,0.593,0.631,0.322,0.383,0.382,0.445,0.503,0.352,0.494,0.552,0.396,0.369,0.895,0.65,0.637,0.47,0.757,0.609,0.511,0.38,0.482,0.43,0.849,0.593,0.871,0.79,0.456,0.341,0.386,0.464,0.469,0.471,0.408,0.593,0.582,0.8,0.497,0.574,0.403,0.57,0.687,0.313,0.593,0.504,0.583,0.431,0.592,0.543,0.612,0.482,0.607,0.695,0.533,0.535,0.431,0.334,0.588,0.442,0.453,0.499,0.319,0.343,0.547,0.608,0.498,0.401,0.486,0.614,0.456,0.654,0.561,0.549,0.604,0.565,0.655,0.539,0.42,0.547,0.631,0.593,0.542,0.427,0.482,0.521,0.702,0.457,0.542,0.582,0.616,0.508,0.559,0.632,0.593,0.475,0.536,0.511,0.551,0.593,0.347,0.378,0.871,0.583,0.552,0.695,0.489,0.553,0.347,0.58,0.506,0.469,0.508,0.531,0.432,0.438,0.574,0.511,0.496,0.524,0.466,0.582,0.469,0.559,0.414,0.401,0.369,0.546,0.596,0.544,0.437,0.386,0.687,0.424,0.566,0.449,0.687,0.469,0.347,0.469,0.381,0.396,0.472,0.871
"BARD1",0.393,0.381,0.622,0.202,0.342,0.841,0.381,0.459,0.269,0.391,0.543,0.381,0.617,0.641,0.569,1,0.288,0.482,0.443,0.308,0.492,0.662,0.633,0.287,0.733,0.306,0.252,0.435,0.366,0.272,0.816,0.841,0.703,0.603,0.257,0.196,0.387,0.389,0.426,0.301,0.805,0.401,0.325,0.288,0.637,0.359,0.691,0.533,0.483,0.445,0.703,0.295,0.431,0.256,0.588,0.703,1,0.477,0.394,0.28,0.573,0.452,0.412,0.361,0.278,0.703,0.641,0.477,0.391,0.495,0.198,0.721,0.33,0.253,0.703,0.497,0.709,0.482,0.694,0.608,0.697,0.58,0.281,0.463,0.762,0.73,0.397,0.295,0.653,0.361,0.46,0.662,0.285,0.279,0.675,0.75,0.462,0.203,0.597,0.515,0.561,0.75,0.691,0.645,0.596,0.559,0.602,0.756,0.292,0.753,0.545,0.703,0.778,0.841,0.58,0.664,0.64,0.596,0.424,0.782,0.695,0.553,0.587,0.348,0.703,0.411,0.434,0.663,0.716,0.703,0.267,0.3,1,0.746,0.631,0.463,0.345,0.534,0.267,0.286,0.414,0.412,0.553,0.637,0.248,0.315,0.287,0.261,0.296,0.391,0.263,0.74,0.412,0.585,0.467,0.203,0.288,0.65,0.695,0.445,0.371,0.33,0.33,0.458,0.663,0.236,0.33,1,0.267,0.412,0.292,0.407,0.656,1
"BMP7",0.641,0.519,0.262,0.353,0.388,0.427,0.519,0.499,0.746,0.303,0.433,0.519,0.318,0.32,0.369,0.288,1,0.444,0.359,0.769,0.315,0.265,0.371,0.862,0.297,0.451,0.465,0.374,0.491,0.407,0.34,0.427,0.313,0.332,0.798,0.331,0.353,0.593,0.576,0.593,0.307,0.68,0.732,1,0.38,0.305,0.413,0.368,0.238,0.4,0.326,0.759,0.407,0.794,0.461,0.313,0.268,0.404,0.607,0.631,0.378,0.894,1,0.345,0.603,0.313,0.32,0.452,0.38,0.397,0.32,0.353,0.373,0.784,0.313,0.568,0.393,0.444,0.369,0.373,0.292,0.324,0.482,0.333,0.353,0.333,0.885,0.334,0.302,0.384,0.709,0.386,0.602,0.442,0.357,0.31,0.42,0.358,0.482,0.346,0.357,0.373,0.478,0.47,0.337,0.468,0.531,0.363,0.7,0.348,0.804,0.313,0.32,0.427,0.324,0.35,0.368,0.309,0.357,0.388,0.464,0.348,0.813,0.795,0.313,0.415,0.475,0.362,0.328,0.313,0.849,0.7,0.268,0.345,0.26,0.333,0.41,0.329,0.849,0.529,0.657,1,0.348,0.301,0.455,0.221,0.443,0.317,0.359,0.39,0.385,0.356,1,0.509,0.418,0.358,1,0.405,0.274,0.634,0.386,0.592,0.373,0.402,0.422,0.361,0.373,0.469,0.849,1,0.837,0.338,0.366,0.268
"CA3",0.427,0.771,0.527,0.315,0.342,1,0.771,0.714,0.349,0.477,0.42,0.771,0.503,0.426,0.431,0.482,0.444,1,0.664,0.481,0.467,0.335,0.662,0.41,0.542,0.394,0.301,0.446,0.348,0.361,0.661,1,0.414,0.543,0.386,0.297,0.63,0.359,0.426,0.244,0.542,0.533,0.43,0.444,0.501,0.394,0.886,0.494,0.52,0.415,0.61,0.38,0.689,0.384,0.449,0.414,0.396,0.495,0.37,0.373,0.821,0.744,0.412,0.378,0.338,0.414,0.426,0.522,0.576,0.548,0.289,0.603,0.33,0.375,0.414,0.737,0.738,1,0.409,0.665,0.39,0.418,0.424,0.488,0.74,0.598,0.744,0.295,0.405,0.499,0.769,0.624,0.346,0.389,0.372,0.521,0.684,0.32,0.516,0.528,0.461,0.714,0.696,0.615,0.72,0.802,0.568,0.676,0.364,0.636,0.435,0.414,0.558,1,0.418,0.686,0.525,0.5,0.427,0.793,0.723,0.454,0.404,0.4,0.414,0.437,0.377,0.566,0.539,0.414,0.362,0.4,0.396,0.671,0.374,0.488,0.413,0.71,0.362,0.388,0.437,0.412,0.454,0.379,0.288,0.444,0.39,0.286,0.353,0.462,0.31,0.676,0.412,0.525,0.855,0.32,0.444,0.783,0.374,0.423,0.59,0.404,0.33,0.703,0.698,0.324,0.33,1,0.362,0.412,0.458,0.704,0.677,0.396
"CALD1",0.525,0.54,0.445,0.51,0.457,1,0.54,0.696,0.322,0.783,0.501,0.54,0.621,0.514,0.494,0.443,0.359,0.664,1,0.353,0.567,0.422,0.749,0.344,0.54,0.487,0.405,0.538,0.418,0.452,0.559,1,0.496,0.561,0.361,0.48,0.711,0.363,0.373,0.231,0.568,0.564,0.352,0.359,0.502,0.483,0.666,0.645,0.401,0.575,0.617,0.368,0.679,0.542,0.549,0.496,0.443,0.504,0.379,0.377,0.583,0.525,0.38,0.522,0.448,0.496,0.514,0.519,0.683,0.606,0.534,0.558,1,0.337,0.496,0.557,0.634,0.664,0.484,0.797,0.472,0.505,0.61,0.623,0.76,0.528,0.555,0.387,0.487,0.601,0.534,0.69,0.332,0.33,0.433,0.514,0.653,0.494,0.495,0.819,0.513,0.703,0.503,0.694,0.511,0.587,0.517,0.616,0.474,0.59,0.466,0.496,0.6,1,0.505,0.63,0.608,0.592,0.575,0.605,0.64,0.691,0.389,0.339,0.496,0.328,0.461,0.546,0.701,0.496,0.302,0.377,0.443,0.664,0.427,0.623,0.586,0.695,0.302,0.556,0.485,0.38,0.691,0.466,0.514,0.31,0.587,0.55,0.449,0.572,0.434,0.64,0.38,0.537,0.606,0.494,0.359,0.756,0.369,0.392,0.621,0.371,1,0.592,0.59,0.575,1,0.841,0.302,0.38,0.367,0.84,0.479,0.443
"CARTPT",0.645,0.518,0.375,0.288,0.342,0.444,0.518,0.494,0.641,0.291,0.455,0.518,0.336,0.322,0.413,0.308,0.769,0.481,0.353,1,0.442,0.276,0.378,0.67,0.331,0.378,0.421,0.42,0.536,0.331,0.38,0.444,0.317,0.445,0.648,0.27,0.343,0.518,0.57,0.593,0.321,0.576,0.831,0.769,0.423,0.553,0.464,0.349,0.448,0.408,0.337,0.622,0.417,0.645,0.432,0.317,0.329,0.482,0.529,0.459,0.405,0.774,1,0.393,0.521,0.317,0.322,0.508,0.356,0.376,0.262,0.376,0.33,0.636,0.317,0.552,0.425,0.481,0.339,0.368,0.324,0.308,0.386,0.438,0.394,0.339,0.738,0.295,0.305,0.352,0.828,0.403,0.432,0.359,0.319,0.342,0.561,0.293,0.671,0.361,0.37,0.416,0.517,0.556,0.427,0.543,0.551,0.382,0.575,0.366,0.644,0.317,0.342,0.444,0.308,0.36,0.396,0.353,0.369,0.425,0.474,0.316,0.678,0.692,0.317,0.424,0.477,0.416,0.336,0.317,0.728,0.69,0.329,0.362,0.285,0.438,0.505,0.541,0.728,0.461,0.674,1,0.316,0.297,0.413,0.587,0.365,0.316,0.38,0.362,0.56,0.368,1,0.627,0.44,0.293,0.769,0.425,0.304,0.611,0.365,0.707,0.33,0.408,0.464,0.307,0.33,0.534,0.728,1,0.588,0.337,0.385,0.329
"CAV1",0.616,0.391,0.438,0.398,0.457,0.704,0.391,0.623,0.318,0.545,0.698,0.391,0.659,0.396,0.668,0.492,0.315,0.467,0.567,0.442,1,0.499,0.621,0.315,0.515,0.498,0.364,0.683,0.697,0.447,0.524,0.704,0.401,0.781,0.297,0.4,0.484,0.439,0.509,0.384,0.587,0.594,0.421,0.315,0.633,0.704,0.52,0.579,0.551,0.621,0.447,0.356,0.642,0.427,0.571,0.401,0.643,0.699,0.438,0.325,0.471,0.475,0.469,0.71,0.504,0.401,0.396,0.625,0.595,0.618,0.414,0.518,1,0.283,0.401,0.512,0.501,0.467,0.455,0.559,0.427,0.359,0.517,0.624,0.521,0.506,0.426,0.387,0.409,0.557,0.512,0.5,0.34,0.377,0.512,0.48,0.68,0.403,0.681,0.7,0.638,0.625,0.474,0.731,0.51,0.547,0.615,0.542,0.448,0.539,0.495,0.401,0.505,0.704,0.359,0.509,0.77,0.561,0.674,0.49,0.588,0.691,0.422,0.478,0.401,0.343,0.584,0.584,0.655,0.401,0.31,0.406,0.643,0.494,0.37,0.624,0.61,0.637,0.31,0.521,0.533,0.469,0.691,0.441,0.441,0.412,0.521,0.514,0.593,0.635,0.518,0.465,0.469,0.634,0.53,0.397,0.315,0.587,0.355,0.513,0.535,0.437,1,0.488,0.515,0.464,1,0.841,0.31,0.469,0.319,0.424,0.495,0.643
"CBX5",0.338,0.292,0.52,0.19,0.264,0.4,0.292,0.334,0.253,0.374,0.52,0.292,0.578,0.636,0.501,0.662,0.265,0.335,0.422,0.276,0.499,1,0.611,0.261,0.717,0.266,0.231,0.388,0.377,0.267,0.63,0.4,0.722,0.524,0.238,0.186,0.353,0.391,0.4,0.301,0.583,0.307,0.323,0.265,0.528,0.314,0.501,0.504,0.411,0.385,0.722,0.271,0.32,0.237,0.507,0.722,1,0.417,0.376,0.256,0.356,0.337,0.316,0.336,0.252,0.722,0.636,0.414,0.372,0.414,0.207,0.639,0.257,0.236,0.722,0.375,0.634,0.335,0.775,0.642,0.736,0.675,0.261,0.394,0.567,0.817,0.306,0.228,0.675,0.296,0.347,0.525,0.311,0.257,0.816,0.729,0.344,0.19,0.532,0.468,0.521,0.595,0.514,0.502,0.484,0.417,0.478,0.778,0.267,0.753,0.525,0.722,0.673,0.4,0.675,0.505,0.565,0.511,0.338,0.608,0.5,0.888,0.507,0.323,0.722,0.369,0.389,0.623,0.791,0.722,0.254,0.28,1,0.663,0.601,0.394,0.281,0.449,0.254,0.27,0.352,0.316,0.888,0.74,0.227,0.261,0.26,0.234,0.26,0.306,0.239,0.71,0.316,0.474,0.328,0.19,0.265,0.54,0.609,0.391,0.283,0.321,0.257,0.41,0.587,0.213,0.257,0.454,0.254,0.316,0.267,0.374,0.556,1
"CCDC8",0.535,0.535,0.5,0.452,0.457,1,0.535,0.696,0.336,0.654,0.592,0.535,0.729,0.462,0.503,0.633,0.371,0.662,0.749,0.378,0.621,0.611,1,0.361,0.671,0.482,0.387,0.584,0.502,0.436,0.72,1,0.555,0.675,0.357,0.431,0.542,0.415,0.443,0.284,0.736,0.58,0.394,0.371,0.55,0.502,0.696,0.649,0.422,0.565,0.701,0.38,0.675,0.493,0.53,0.555,0.697,0.507,0.427,0.38,0.629,0.566,0.412,0.527,0.441,0.555,0.462,0.509,0.715,0.631,0.478,0.688,1,0.34,0.555,0.595,0.645,0.662,0.585,0.806,0.545,0.538,0.551,0.578,0.708,0.729,0.555,0.387,0.478,0.602,0.579,0.632,0.393,0.349,0.611,0.686,0.678,0.442,0.625,0.692,0.611,0.826,0.605,0.705,0.613,0.629,0.593,0.763,0.468,0.741,0.57,0.555,0.733,1,0.538,0.656,0.709,0.585,0.589,0.763,0.698,0.523,0.443,0.372,0.555,0.39,0.488,0.677,0.806,0.555,0.322,0.393,0.697,0.717,0.432,0.578,0.567,0.65,0.322,0.521,0.461,0.412,0.523,0.515,0.469,0.343,0.547,0.499,0.454,0.59,0.423,0.707,0.412,0.62,0.619,0.442,0.371,0.86,0.515,0.421,0.605,0.408,1,0.616,0.715,0.519,1,1,0.322,0.412,0.379,0.588,0.63,0.697
"CCK",0.608,0.466,0.245,0.322,0.388,0.427,0.466,0.476,0.667,0.393,0.428,0.466,0.336,0.298,0.361,0.287,0.862,0.41,0.344,0.67,0.315,0.261,0.361,1,0.295,0.621,0.422,0.4,0.477,0.459,0.333,0.427,0.296,0.331,0.693,0.305,0.339,0.565,0.55,0.593,0.304,0.673,0.672,0.862,0.37,0.305,0.39,0.446,0.222,0.39,0.317,0.703,0.385,0.69,0.431,0.296,0.268,0.39,0.578,0.585,0.361,0.797,1,0.363,0.567,0.296,0.298,0.424,0.367,0.471,0.296,0.387,0.373,0.682,0.296,0.531,0.373,0.41,0.359,0.356,0.281,0.301,0.448,0.306,0.344,0.323,0.79,0.334,0.287,0.375,0.643,0.375,0.56,0.474,0.352,0.305,0.406,0.327,0.473,0.349,0.398,0.362,0.444,0.455,0.328,0.44,0.513,0.353,0.657,0.34,0.734,0.296,0.315,0.427,0.301,0.338,0.363,0.34,0.405,0.372,0.447,0.348,0.741,0.726,0.296,0.371,0.515,0.36,0.324,0.296,0.734,0.651,0.268,0.331,0.236,0.306,0.384,0.319,0.734,0.493,0.623,1,0.348,0.286,0.413,0.206,0.424,0.301,0.484,0.516,0.359,0.341,1,0.496,0.394,0.545,0.862,0.387,0.254,0.602,0.37,0.564,0.373,0.384,0.406,0.343,0.373,0.469,0.734,1,0.731,0.324,0.35,0.268
"CCND2",0.386,0.443,0.557,0.221,0.342,1,0.443,0.509,0.278,0.459,0.525,0.443,0.61,0.629,0.515,0.733,0.297,0.542,0.54,0.331,0.515,0.717,0.671,0.295,1,0.325,0.249,0.445,0.36,0.292,0.754,1,0.698,0.596,0.264,0.214,0.479,0.384,0.431,0.301,0.68,0.425,0.349,0.297,0.571,0.376,0.687,0.58,0.458,0.414,0.779,0.308,0.451,0.27,0.512,0.698,1,0.452,0.391,0.287,0.539,0.476,0.412,0.38,0.288,0.698,0.629,0.447,0.445,0.515,0.214,0.747,0.33,0.26,0.698,0.548,0.746,0.542,0.702,0.712,0.751,0.628,0.304,0.427,0.706,0.77,0.458,0.295,0.641,0.377,0.492,0.655,0.287,0.286,0.675,0.8,0.49,0.222,0.572,0.544,0.544,0.736,0.642,0.638,0.619,0.594,0.572,0.809,0.305,0.801,0.52,0.698,0.805,1,0.628,0.642,0.606,0.578,0.424,0.77,0.702,1,0.508,0.373,0.698,0.402,0.415,0.703,0.782,0.698,0.276,0.319,1,0.751,0.571,0.427,0.342,0.585,0.276,0.309,0.392,0.412,1,0.629,0.245,0.332,0.307,0.28,0.312,0.404,0.273,0.766,0.412,0.563,0.52,0.222,0.297,0.683,0.606,0.421,0.42,0.351,0.33,0.503,0.715,0.25,0.33,1,0.276,0.412,0.302,0.51,0.575,1
"CD200",0.523,0.348,0.237,0.502,0.457,0.427,0.348,0.582,0.383,0.6,0.501,0.348,0.454,0.292,0.524,0.306,0.451,0.394,0.487,0.378,0.498,0.266,0.482,0.621,0.325,1,0.426,0.58,0.506,0.638,0.346,0.427,0.291,0.54,0.412,0.486,0.341,0.404,0.393,0.267,0.424,0.801,0.404,0.451,0.517,0.539,0.384,0.548,0.243,0.632,0.326,0.438,0.532,0.557,0.567,0.291,0.268,0.544,0.416,0.439,0.366,0.452,0.469,0.505,0.493,0.291,0.292,0.563,0.573,0.589,0.518,0.416,1,0.396,0.291,0.376,0.374,0.394,0.366,0.495,0.297,0.293,0.681,0.487,0.354,0.33,0.448,0.387,0.285,0.631,0.433,0.338,0.409,0.58,0.374,0.325,0.607,0.498,0.465,0.519,0.493,0.482,0.366,0.44,0.36,0.37,0.471,0.359,0.525,0.35,0.555,0.291,0.333,0.427,0.293,0.382,0.54,0.398,0.616,0.373,0.502,0.348,0.418,0.423,0.291,0.22,0.573,0.327,0.419,0.291,0.377,0.43,0.268,0.336,0.223,0.487,0.501,0.327,0.377,0.639,0.495,0.469,0.348,0.285,0.504,0.242,0.659,0.542,0.729,0.865,0.446,0.342,0.469,0.509,0.386,0.724,0.451,0.52,0.244,0.396,0.493,0.4,1,0.382,0.357,0.561,1,0.469,0.377,0.469,0.56,0.332,0.36,0.268
"CD248",0.68,0.575,0.27,0.655,1,0.316,0.575,0.589,0.758,0.379,0.455,0.575,0.328,0.268,0.36,0.252,0.465,0.301,0.405,0.421,0.364,0.231,0.387,0.422,0.249,0.426,1,0.469,0.532,0.382,0.291,0.316,0.271,0.371,0.704,0.445,0.246,0.598,0.485,1,0.333,0.501,0.408,0.465,0.359,0.389,0.327,0.285,0.242,0.465,0.269,0.778,0.443,0.611,0.416,0.271,0.301,0.364,0.645,0.681,0.264,0.444,0.593,0.396,0.717,0.271,0.268,0.39,0.537,0.317,0.489,0.3,0.705,0.628,0.271,0.486,0.302,0.301,0.292,0.431,0.266,0.262,0.526,0.488,0.273,0.27,0.44,0.837,0.262,0.451,0.377,0.405,0.534,0.36,0.281,0.276,0.469,0.461,0.464,0.365,0.321,0.413,0.541,0.409,0.29,0.506,0.468,0.285,0.763,0.28,0.473,0.271,0.264,0.316,0.262,0.317,0.405,0.274,0.402,0.306,0.505,0.264,0.426,0.565,0.271,0.468,0.526,0.263,0.335,0.271,0.639,0.633,0.301,0.283,0.229,0.488,0.65,0.304,0.639,0.727,0.62,0.593,0.264,0.25,0.72,0.228,0.489,0.524,0.366,0.41,0.613,0.289,0.593,0.488,0.285,0.461,0.465,0.442,0.257,0.627,0.396,0.564,0.705,0.278,0.456,0.491,0.705,0.342,0.639,0.593,0.473,0.242,0.266,0.301
"CD44",0.62,0.484,0.356,0.427,0.457,1,0.484,0.641,0.415,0.589,0.639,0.484,0.622,0.315,0.51,0.435,0.374,0.446,0.538,0.42,0.683,0.388,0.584,0.4,0.445,0.58,0.469,1,0.714,0.443,0.479,1,0.327,0.687,0.359,0.429,0.472,0.416,0.433,1,0.549,0.661,0.426,0.374,0.505,0.612,0.484,0.501,0.401,0.649,0.415,0.453,0.629,0.5,0.48,0.327,0.643,0.533,0.424,0.366,0.434,0.461,0.593,0.626,0.616,0.327,0.315,0.52,0.625,0.59,0.443,0.543,1,0.339,0.327,0.542,0.42,0.446,0.381,0.551,0.348,0.294,0.511,0.53,0.463,0.457,0.472,0.387,0.33,0.584,0.484,0.504,0.36,0.522,0.44,0.451,0.634,0.433,0.674,0.596,0.568,0.613,0.501,0.673,0.45,0.584,0.605,0.478,0.556,0.513,0.475,0.327,0.42,1,0.294,0.473,0.757,0.505,0.749,0.469,0.62,0.411,0.418,0.482,0.327,0.373,0.731,0.552,0.581,0.327,0.413,0.424,0.643,0.428,0.28,0.53,0.668,0.496,0.413,0.589,0.538,0.593,0.411,0.341,0.583,0.352,0.553,0.585,0.539,0.617,0.608,0.428,0.593,0.653,0.526,0.485,0.374,0.591,0.294,0.508,0.557,0.44,1,0.409,0.545,0.541,1,0.841,0.413,0.593,0.423,0.383,0.421,0.643
"CD9",0.698,0.494,0.294,0.399,0.457,0.427,0.494,0.645,0.563,0.421,0.645,0.494,0.47,0.277,0.499,0.366,0.491,0.348,0.418,0.536,0.697,0.377,0.502,0.477,0.36,0.506,0.532,0.714,1,0.461,0.375,0.427,0.28,0.648,0.446,0.402,0.413,0.476,0.512,1,0.462,0.625,0.53,0.491,0.468,0.667,0.372,0.414,0.319,0.5,0.327,0.587,0.566,0.568,0.481,0.28,0.341,0.486,0.474,0.415,0.363,0.534,1,0.618,0.717,0.28,0.277,0.48,0.551,0.508,0.423,0.376,1,0.434,0.28,0.515,0.353,0.348,0.36,0.436,0.308,0.269,0.539,0.452,0.341,0.413,0.516,0.387,0.3,0.468,0.513,0.453,0.442,0.429,0.451,0.325,0.563,0.406,0.677,0.477,0.496,0.453,0.509,0.624,0.354,0.508,0.606,0.41,0.648,0.408,0.597,0.28,0.356,0.427,0.269,0.359,0.635,0.378,0.574,0.356,0.586,0.348,0.508,0.614,0.28,0.414,0.619,0.461,0.504,0.28,0.573,0.522,0.341,0.319,0.282,0.452,0.677,0.418,0.573,0.684,0.666,1,0.348,0.356,0.605,0.409,0.542,0.565,0.533,0.527,0.701,0.324,1,0.646,0.454,0.396,0.491,0.463,0.256,0.565,0.464,0.519,1,0.382,0.478,0.492,1,0.469,0.573,1,0.426,0.293,0.418,0.341
"CDH23",0.449,0.312,0.243,0.492,0.388,0.427,0.312,0.559,0.332,0.46,0.449,0.312,0.427,0.284,0.518,0.272,0.407,0.361,0.452,0.331,0.447,0.267,0.436,0.459,0.292,0.638,0.382,0.443,0.461,1,0.31,0.427,0.284,0.455,0.364,0.475,0.309,0.342,0.339,0.267,0.365,0.597,0.347,0.407,0.504,0.5,0.355,0.402,0.261,0.507,0.298,0.382,0.493,0.529,0.591,0.284,0.268,0.546,0.354,0.368,0.32,0.417,0.469,0.437,0.442,0.284,0.284,0.582,0.531,0.503,0.539,0.386,0.687,0.343,0.284,0.347,0.341,0.361,0.329,0.469,0.294,0.287,0.702,0.487,0.319,0.317,0.41,0.334,0.275,0.512,0.385,0.3,0.339,0.398,0.336,0.303,0.469,0.497,0.373,0.462,0.418,0.436,0.321,0.395,0.32,0.334,0.449,0.334,0.456,0.324,0.565,0.284,0.292,0.427,0.287,0.402,0.489,0.328,0.509,0.34,0.485,0.348,0.369,0.376,0.284,0.222,0.455,0.298,0.375,0.284,0.331,0.371,0.268,0.306,0.252,0.487,0.467,0.295,0.331,0.629,0.471,0.469,0.348,0.284,0.487,0.256,0.649,0.525,0.53,0.6,0.423,0.319,0.469,0.407,0.353,0.625,0.407,0.483,0.248,0.341,0.461,0.34,0.687,0.34,0.325,0.524,0.687,0.469,0.331,0.469,0.422,0.289,0.314,0.268
"CDKN1B",0.451,0.54,0.69,0.24,0.342,1,0.54,0.583,0.32,0.455,0.533,0.54,0.614,0.626,0.609,0.816,0.34,0.661,0.559,0.38,0.524,0.63,0.72,0.333,0.754,0.346,0.291,0.479,0.375,0.31,1,1,0.701,0.628,0.3,0.231,0.512,0.407,0.469,0.352,0.849,0.463,0.378,0.34,0.664,0.399,0.847,0.535,0.562,0.462,0.751,0.346,0.526,0.299,0.625,0.701,1,0.535,0.415,0.318,0.713,0.558,0.412,0.384,0.321,0.701,0.626,0.535,0.491,0.562,0.229,0.796,0.33,0.294,0.701,0.648,0.779,0.661,0.687,0.712,0.692,0.599,0.33,0.513,0.773,0.804,0.541,0.295,0.637,0.422,0.572,0.703,0.313,0.321,0.647,0.799,0.554,0.242,0.599,0.551,0.549,0.842,0.762,0.683,0.716,0.71,0.657,0.825,0.338,0.813,0.571,0.701,0.807,1,0.599,0.733,0.677,0.589,0.452,0.897,0.776,0.508,0.57,0.412,0.701,0.493,0.46,0.705,0.743,0.701,0.324,0.344,1,0.832,0.611,0.513,0.392,0.656,0.324,0.343,0.408,0.412,0.508,0.606,0.284,0.402,0.329,0.294,0.325,0.43,0.306,0.831,0.412,0.615,0.618,0.242,0.34,0.778,0.709,0.481,0.478,0.373,0.33,0.556,0.791,0.27,0.33,1,0.324,0.412,0.348,0.546,0.667,1
"CDO1",0.466,1,0.523,0.306,0.316,1,1,1,0.38,1,0.841,1,1,0.4,0.427,0.841,0.427,1,1,0.444,0.704,0.4,1,0.427,1,0.427,0.316,1,0.427,0.427,1,1,0.4,1,0.38,0.306,1,0.427,0.454,0.231,1,0.704,0.427,0.427,0.523,0.444,1,1,0.482,0.482,1,0.427,0.841,0.38,0.427,0.4,0.34,0.482,0.427,0.427,1,0.841,0.38,0.539,0.38,0.4,0.4,0.482,1,1,0.306,1,0.306,0.38,0.4,1,0.841,1,0.4,1,0.4,0.4,0.427,0.482,1,1,1,0.273,0.4,0.704,0.841,1,0.427,0.427,0.427,1,0.841,0.306,0.841,0.841,0.841,1,0.841,1,0.841,1,0.841,1,0.427,1,0.427,0.4,0.841,1,0.4,1,0.841,0.841,1,1,1,0.4,0.427,0.427,0.4,0.446,0.523,1,1,0.4,0.38,0.427,0.34,1,0.34,0.482,0.539,1,0.38,0.427,0.489,0.38,0.4,0.4,0.306,0.421,0.427,0.306,0.427,0.841,0.306,1,0.38,0.841,1,0.306,0.427,1,0.34,0.482,1,0.427,0.306,0.841,1,0.328,0.306,0.841,0.38,0.38,0.427,1,0.841,0.34
"CDX2",0.367,0.353,0.712,0.227,0.264,0.4,0.353,0.368,0.291,0.372,0.428,0.353,0.483,0.939,0.593,0.703,0.313,0.414,0.496,0.317,0.401,0.722,0.555,0.296,0.698,0.291,0.271,0.327,0.28,0.284,0.701,0.4,1,0.424,0.279,0.216,0.393,0.36,0.403,0.301,0.529,0.335,0.356,0.313,0.661,0.305,0.626,0.47,0.55,0.391,0.816,0.299,0.356,0.278,0.651,1,1,0.49,0.368,0.276,0.358,0.389,0.316,0.318,0.277,1,0.939,0.51,0.299,0.437,0.212,0.644,0.257,0.272,1,0.428,0.858,0.414,0.895,0.765,0.944,0.939,0.301,0.492,0.661,0.75,0.355,0.228,0.895,0.292,0.391,0.592,0.256,0.283,0.731,0.793,0.373,0.229,0.432,0.491,0.412,0.695,0.651,0.529,0.586,0.486,0.511,0.777,0.287,0.767,0.586,1,0.72,0.4,0.939,0.577,0.529,0.507,0.318,0.758,0.548,1,0.572,0.366,1,0.479,0.392,0.499,0.677,1,0.304,0.302,1,0.826,0.795,0.492,0.311,0.515,0.304,0.306,0.372,0.316,1,0.807,0.265,0.324,0.287,0.27,0.26,0.294,0.272,0.853,0.316,0.47,0.38,0.229,0.313,0.609,0.888,0.414,0.307,0.342,0.257,0.396,0.643,0.246,0.257,0.454,0.304,0.316,0.319,0.461,0.502,1
"CFTR",0.64,0.45,0.458,0.391,0.457,1,0.45,0.642,0.329,0.538,0.741,0.45,0.648,0.408,0.631,0.603,0.332,0.543,0.561,0.445,0.781,0.524,0.675,0.331,0.596,0.54,0.371,0.687,0.648,0.455,0.628,1,0.424,1,0.308,0.383,0.441,0.417,0.485,0.309,0.667,0.616,0.412,0.332,0.655,0.672,0.603,0.552,0.468,0.654,0.516,0.368,0.594,0.424,0.559,0.424,1,0.584,0.416,0.34,0.543,0.52,0.469,0.624,0.427,0.424,0.408,0.566,0.635,0.565,0.405,0.615,1,0.297,0.424,0.546,0.566,0.543,0.475,0.593,0.456,0.356,0.52,0.57,0.592,0.599,0.487,0.387,0.433,0.589,0.556,0.554,0.359,0.375,0.545,0.577,0.749,0.389,0.751,0.622,0.638,0.703,0.558,0.701,0.545,0.565,0.635,0.632,0.444,0.634,0.505,0.424,0.573,1,0.356,0.571,0.754,0.579,0.674,0.61,0.675,0.454,0.456,0.475,0.424,0.371,0.596,0.642,0.712,0.424,0.322,0.404,1,0.544,0.398,0.57,0.634,0.633,0.322,0.516,0.51,0.469,0.454,0.457,0.428,0.491,0.557,0.548,0.575,0.641,0.527,0.544,0.469,0.679,0.53,0.389,0.332,0.66,0.401,0.474,0.542,0.422,1,0.52,0.576,0.471,1,1,0.322,0.469,0.391,0.448,0.576,1
"CHAD",0.568,0.471,0.232,0.615,1,0.38,0.471,0.459,0.853,0.309,0.421,0.471,0.304,0.284,0.322,0.257,0.798,0.386,0.361,0.648,0.297,0.238,0.357,0.693,0.264,0.412,0.704,0.359,0.446,0.364,0.3,0.38,0.279,0.308,1,0.367,0.31,0.749,0.616,0.593,0.295,0.583,0.593,0.798,0.331,0.294,0.361,0.326,0.214,0.386,0.291,0.89,0.402,0.729,0.396,0.279,0.24,0.351,0.801,0.852,0.33,0.721,1,0.327,0.705,0.279,0.284,0.39,0.378,0.348,0.371,0.314,0.457,0.918,0.279,0.463,0.344,0.386,0.32,0.375,0.262,0.289,0.463,0.37,0.312,0.294,0.714,0.837,0.269,0.374,0.531,0.35,0.693,0.381,0.311,0.278,0.394,0.389,0.423,0.327,0.326,0.359,0.436,0.426,0.298,0.426,0.432,0.32,0.782,0.307,0.653,0.279,0.283,0.38,0.289,0.317,0.345,0.279,0.343,0.341,0.416,0.316,0.673,0.658,0.279,0.354,0.437,0.3,0.308,0.279,0.734,0.829,0.24,0.305,0.228,0.37,0.426,0.292,0.734,0.514,0.661,1,0.316,0.266,0.478,0.196,0.426,0.351,0.335,0.367,0.395,0.316,1,0.508,0.364,0.389,0.798,0.396,0.245,0.693,0.376,0.689,0.457,0.345,0.385,0.391,0.457,0.412,0.734,1,0.616,0.298,0.318,0.24
"CLDN10",0.468,0.253,0.173,0.637,0.457,0.306,0.253,0.494,0.304,0.447,0.379,0.253,0.443,0.217,0.383,0.196,0.331,0.297,0.48,0.27,0.4,0.186,0.431,0.305,0.214,0.486,0.445,0.429,0.402,0.475,0.231,0.306,0.216,0.383,0.367,1,0.348,0.318,0.28,0.193,0.35,0.495,0.267,0.331,0.373,0.444,0.277,0.273,0.194,0.541,0.226,0.349,0.592,0.638,0.455,0.216,0.177,0.405,0.338,0.372,0.253,0.331,0.33,0.432,0.57,0.216,0.217,0.452,0.564,0.346,0.708,0.245,1,0.332,0.216,0.267,0.263,0.297,0.253,0.497,0.222,0.226,0.734,0.587,0.238,0.227,0.326,0.387,0.205,0.543,0.304,0.221,0.309,0.323,0.24,0.228,0.476,0.623,0.317,0.417,0.444,0.431,0.25,0.371,0.247,0.261,0.345,0.249,0.484,0.239,0.423,0.216,0.218,0.306,0.226,0.322,0.459,0.292,0.49,0.263,0.353,0.257,0.282,0.292,0.216,0.16,0.38,0.211,0.334,0.216,0.269,0.339,0.177,0.234,0.165,0.587,0.556,0.224,0.269,0.626,0.359,0.33,0.257,0.204,0.599,0.185,0.653,0.64,0.438,0.497,0.452,0.245,0.33,0.366,0.319,0.599,0.331,0.512,0.188,0.289,0.627,0.298,1,0.268,0.25,0.803,1,0.33,0.269,0.33,0.342,0.224,0.242,0.177
"CNN3",0.353,0.512,0.378,0.244,0.316,1,0.512,0.531,0.293,0.503,0.431,0.512,0.546,0.401,0.382,0.387,0.353,0.63,0.711,0.343,0.484,0.353,0.542,0.339,0.479,0.341,0.246,0.472,0.413,0.309,0.512,1,0.393,0.441,0.31,0.348,1,0.315,0.348,0.231,0.426,0.422,0.347,0.353,0.398,0.323,0.615,0.549,0.348,0.352,0.534,0.327,0.686,0.308,0.399,0.393,0.382,0.393,0.323,0.319,0.554,0.5,0.38,0.528,0.55,0.393,0.401,0.396,0.443,0.633,0.305,0.515,0.306,0.303,0.393,0.534,0.545,0.63,0.407,0.544,0.376,0.394,0.341,0.339,0.645,0.474,0.538,0.273,0.383,0.377,0.509,0.591,0.3,0.546,0.371,0.449,0.487,0.291,0.412,0.587,0.509,0.533,0.462,0.652,0.483,0.562,0.499,0.549,0.317,0.524,0.371,0.393,0.502,1,0.394,0.518,0.542,0.592,0.403,0.563,0.557,0.601,0.357,0.334,0.393,0.292,0.331,0.515,0.545,0.393,0.296,0.336,0.382,0.569,0.323,0.339,0.309,0.605,0.296,0.325,0.383,0.38,0.601,0.369,0.237,0.278,0.33,0.239,0.332,0.375,0.245,0.554,0.38,0.424,0.808,0.246,0.353,0.553,0.299,0.356,0.655,0.338,0.306,0.522,0.544,0.45,0.306,0.841,0.296,0.38,0.361,0.744,0.443,0.382
"COL5A2",0.575,0.377,0.38,0.569,1,0.427,0.377,0.427,0.746,0.331,0.552,0.377,0.389,0.314,0.445,0.389,0.593,0.359,0.363,0.518,0.439,0.391,0.415,0.565,0.384,0.404,0.598,0.416,0.476,0.342,0.407,0.427,0.36,0.417,0.749,0.318,0.315,1,0.794,0.593,0.381,0.571,0.6,0.593,0.447,0.39,0.4,0.391,0.372,0.459,0.397,0.818,0.386,0.529,0.433,0.36,0.497,0.479,0.898,0.793,0.334,0.605,1,0.376,0.655,0.36,0.314,0.445,0.374,0.401,0.317,0.43,0.457,0.756,0.36,0.506,0.372,0.359,0.407,0.422,0.366,0.345,0.391,0.449,0.371,0.403,0.594,1,0.319,0.375,0.526,0.387,0.713,0.355,0.426,0.435,0.419,0.331,0.538,0.404,0.39,0.456,0.415,0.522,0.44,0.443,0.549,0.405,0.766,0.401,0.634,0.36,0.398,0.427,0.345,0.362,0.442,0.388,0.389,0.417,0.43,0.348,0.614,0.62,0.36,0.392,0.51,0.462,0.426,0.36,0.518,0.818,0.497,0.391,0.282,0.449,0.404,0.381,0.518,0.428,0.733,1,0.348,0.322,0.395,0.242,0.389,0.329,0.369,0.388,0.394,0.393,1,0.666,0.354,0.331,0.593,0.44,0.334,0.819,0.372,0.783,0.457,0.361,0.463,0.346,0.457,0.469,0.518,1,0.521,0.319,0.35,0.497
