"","ADHFE1","AGFG1","AKT1","APCS","ATG16L1","ATN1","BDH2","CADM3","CAPN2","CASP8","CATSPER1","CCL1","CCL11","CCL7","CD1C","CD1D","CD84","CDH17","CFLAR","DCC","DCD","DLC1","DLX2","E2F6","ENOSF1","ESR1","FABP1","FCRL3","FSD1","GDF5","GFM1","GRIA1","HMGCL","HTR2A","IFI16","ITGBL1","KLK2","LRP1B","LUC7L3","MARCO","MARK4","MIR134","MIR488","MUC16","NUP43","PAX4","PFDN4","PHC3","PHF14","POLR3A","PPP2CB","PRG2","PROKR2","PSMD8","RAB17","RFX2","SLC35B4","SPRR1B","STEAP2","TIPIN","TM9SF4","TRIM68","TYR","UBE2V2","UBE4B","WARS2","ZBTB32"
"ADHFE1",1,0.122,0.121,0.116,0.158,0.124,0.372,0.122,0.152,0.147,0.112,0.048,0.092,0.094,0.108,0.109,0.13,0.099,0.123,0.13,0.117,0.114,0.101,0.098,0.163,0.093,0.164,0.087,0.093,0.111,0.115,0.086,0.141,0.102,0.111,0.081,0.137,0.13,0.111,0.141,0.111,0.052,0.053,0.147,0.147,0.079,0.12,0.133,0.121,0.141,0.14,0.13,0.124,0.147,0.117,0.105,0.1,0.21,0.292,0.122,0.147,0.121,0.169,0.147,0.114,0.151,0.092
"AGFG1",0.122,1,0.434,0.661,0.586,0.655,0.51,0.725,0.558,0.477,0.597,0.357,0.612,0.6,0.527,0.605,0.778,0.558,0.543,0.625,0.775,0.62,0.518,0.503,0.211,0.517,0.588,0.49,0.598,0.707,0.795,0.382,0.276,0.497,0.896,0.531,0.099,0.625,0.969,0.36,0.495,0.605,0.67,1,1,0.454,0.71,0.731,0.603,0.508,0.62,0.625,0.618,1,0.531,0.578,0.499,0.306,0.112,0.847,1,0.554,0.584,1,0.481,0.11,0.534
"AKT1",0.121,0.434,1,0.497,0.556,0.461,0.437,0.491,0.468,0.506,0.415,0.205,0.462,0.434,0.421,0.466,0.487,0.428,0.506,0.421,0.432,0.464,0.384,0.387,0.197,0.548,0.468,0.358,0.398,0.495,0.41,0.371,0.247,0.436,0.445,0.531,0.247,0.421,0.427,0.302,0.662,0.138,0.238,1,1,0.184,0.467,0.46,0.435,0.467,0.466,0.421,0.42,1,0.446,0.393,0.399,0.306,0.104,0.434,1,0.573,0.503,1,0.406,0.151,0.384
"APCS",0.116,0.661,0.497,1,0.651,0.657,0.552,0.71,0.599,0.549,0.628,0.322,0.627,0.624,0.575,0.621,0.772,0.72,0.59,0.642,0.594,0.637,0.5,0.516,0.316,0.525,0.62,0.462,0.629,0.73,0.564,0.461,0.431,0.571,0.637,0.531,0.099,0.642,0.62,0.381,0.533,0.211,0.238,1,1,0.241,0.732,0.699,0.676,0.575,0.637,0.642,0.639,1,0.581,0.51,0.57,0.306,0.103,0.661,1,0.624,0.709,1,0.494,0.11,0.524
"ATG16L1",0.158,0.586,0.556,0.651,1,0.59,0.509,0.642,0.612,0.606,0.548,0.291,0.577,0.561,0.514,0.577,0.712,0.536,0.56,0.564,0.528,0.569,0.438,0.449,0.226,0.509,0.565,0.462,0.587,0.68,0.502,0.406,0.275,0.501,0.576,0.531,0.296,0.564,0.549,0.366,0.621,0.18,0.238,1,1,0.216,0.634,0.638,0.563,0.564,0.625,0.564,0.56,1,0.514,0.448,0.493,0.306,0.141,0.586,1,0.732,0.62,1,0.627,0.177,0.426
"ATN1",0.124,0.655,0.461,0.657,0.59,1,0.502,0.705,0.567,0.502,0.602,0.354,0.617,0.604,0.539,0.607,0.747,0.566,0.592,0.625,0.56,0.672,0.501,0.502,0.204,0.524,0.604,0.481,0.575,0.698,0.518,0.421,0.278,0.477,0.622,0.531,0.099,0.625,0.594,0.38,0.498,0.208,0.238,1,1,0.275,0.697,0.713,0.662,0.527,0.62,0.625,0.619,1,0.537,0.513,0.52,0.306,0.113,0.655,1,0.56,0.589,1,0.481,0.11,0.464
"BDH2",0.372,0.51,0.437,0.552,0.509,0.502,1,0.523,0.469,0.454,0.438,0.253,0.513,0.48,0.437,0.524,0.559,0.461,0.441,0.457,0.464,0.477,0.368,0.367,0.219,0.467,0.472,0.401,0.428,0.56,0.432,0.339,0.262,0.417,0.522,0.531,0.137,0.457,0.484,0.322,0.474,0.199,0.256,1,1,0.244,0.562,0.556,0.482,0.409,0.49,0.457,0.452,1,0.45,0.392,0.391,0.306,0.233,0.51,1,0.496,0.529,1,0.36,0.151,0.373
"CADM3",0.122,0.725,0.491,0.71,0.642,0.705,0.523,1,0.6,0.51,0.66,0.382,0.661,0.642,0.563,0.63,0.876,0.594,0.585,0.688,0.592,0.67,0.452,0.47,0.21,0.504,0.639,0.512,0.716,0.773,0.543,0.408,0.275,0.504,0.664,0.531,0.099,0.688,0.639,0.382,0.51,0.226,0.238,1,1,0.238,0.752,0.781,0.645,0.559,0.67,0.688,0.681,1,0.57,0.466,0.549,0.306,0.112,0.725,1,0.664,0.741,1,0.528,0.11,0.435
"CAPN2",0.152,0.558,0.468,0.599,0.612,0.567,0.469,0.6,1,0.825,0.515,0.287,0.559,0.538,0.488,0.563,0.635,0.512,0.723,0.533,0.5,0.543,0.407,0.415,0.218,0.48,0.535,0.434,0.521,0.618,0.492,0.377,0.264,0.44,0.554,0.531,0.497,0.533,0.52,0.351,0.542,0.176,0.238,1,1,0.209,0.62,0.622,0.54,0.472,0.664,0.533,0.529,1,0.505,0.418,0.456,0.306,0.134,0.558,1,0.575,0.537,1,0.462,0.141,0.397
"CASP8",0.147,0.477,0.506,0.549,0.606,0.502,0.454,0.51,0.825,1,0.455,0.221,0.498,0.477,0.451,0.507,0.551,0.465,0.763,0.465,0.455,0.475,0.403,0.408,0.204,0.481,0.482,0.372,0.443,0.553,0.471,0.383,0.239,0.45,0.486,0.531,0.625,0.465,0.463,0.324,0.501,0.137,0.238,1,1,0.181,0.524,0.518,0.478,0.444,0.584,0.465,0.462,1,0.476,0.41,0.429,0.306,0.127,0.477,1,0.582,0.523,1,0.434,0.177,0.397
"CATSPER1",0.112,0.597,0.415,0.628,0.548,0.602,0.438,0.66,0.515,0.455,1,0.33,0.579,0.557,0.49,0.579,0.713,0.54,0.5,0.56,0.661,0.568,0.388,0.397,0.187,0.48,0.542,0.469,0.549,0.664,0.457,0.471,0.262,0.431,0.578,0.531,0.099,0.56,0.536,0.346,0.463,0.2,0.238,1,1,0.217,0.666,0.679,0.559,0.456,0.568,0.56,0.553,1,0.467,0.402,0.486,0.306,0.103,0.597,1,0.528,0.547,1,0.431,0.11,0.378
"CCL1",0.048,0.357,0.205,0.322,0.291,0.354,0.253,0.382,0.287,0.221,0.33,1,0.791,0.888,0.268,0.289,0.41,0.293,0.287,0.344,0.288,0.329,0.212,0.222,0.079,0.211,0.32,0.198,0.283,0.496,0.258,0.186,0.114,0.231,0.312,0.363,0.036,0.344,0.306,0.322,0.221,0.077,0.076,0.473,0.473,0.094,0.353,0.379,0.305,0.274,0.32,0.344,0.339,0.473,0.28,0.218,0.271,0.156,0.041,0.357,0.473,0.259,0.285,0.473,0.242,0.039,0.197
"CCL11",0.092,0.612,0.462,0.627,0.577,0.617,0.513,0.661,0.559,0.498,0.579,0.791,1,0.916,0.539,0.593,0.669,0.559,0.553,0.593,0.554,0.596,0.468,0.48,0.172,0.5,0.576,0.428,0.506,0.763,0.525,0.433,0.236,0.491,0.597,0.531,0.099,0.593,0.576,0.461,0.507,0.163,0.238,1,1,0.2,0.65,0.655,0.586,0.532,0.594,0.593,0.589,1,0.538,0.477,0.526,0.306,0.081,0.612,1,0.566,0.588,1,0.447,0.11,0.455
"CCL7",0.094,0.6,0.434,0.624,0.561,0.604,0.48,0.642,0.538,0.477,0.557,0.888,0.916,1,0.516,0.584,0.678,0.54,0.527,0.576,0.532,0.579,0.432,0.443,0.169,0.489,0.556,0.435,0.51,0.726,0.495,0.398,0.24,0.463,0.585,0.531,0.099,0.576,0.556,0.453,0.485,0.166,0.238,1,1,0.2,0.651,0.658,0.571,0.499,0.579,0.576,0.571,1,0.507,0.443,0.493,0.306,0.084,0.6,1,0.541,0.56,1,0.432,0.11,0.42
"CD1C",0.108,0.527,0.421,0.575,0.514,0.539,0.437,0.563,0.488,0.451,0.49,0.268,0.539,0.516,1,0.899,0.593,0.495,0.478,0.506,0.626,0.518,0.401,0.408,0.2,0.49,0.524,0.408,0.456,0.587,0.449,0.41,0.258,0.432,0.53,0.531,0.099,0.506,0.498,0.376,0.46,0.196,0.238,1,1,0.226,0.641,0.587,0.518,0.448,0.518,0.506,0.502,1,0.459,0.411,0.442,0.306,0.097,0.527,1,0.506,0.513,1,0.389,0.11,0.392
"CD1D",0.109,0.605,0.466,0.621,0.577,0.607,0.524,0.63,0.563,0.507,0.579,0.289,0.593,0.584,0.899,1,0.652,0.586,0.555,0.591,0.666,0.591,0.484,0.495,0.208,0.518,0.596,0.427,0.501,0.637,0.534,0.481,0.26,0.503,0.595,0.655,0.099,0.591,0.577,0.403,0.515,0.195,0.238,1,1,0.231,0.678,0.68,0.62,0.541,0.591,0.591,0.588,1,0.546,0.492,0.536,0.306,0.096,0.605,1,0.559,0.576,1,0.454,0.11,0.471
"CD84",0.13,0.778,0.487,0.772,0.712,0.747,0.559,0.876,0.635,0.551,0.713,0.41,0.669,0.678,0.593,0.652,1,0.624,0.62,0.741,0.627,0.713,0.479,0.5,0.225,0.523,0.681,0.533,0.84,0.855,0.578,0.429,0.287,0.559,0.699,0.531,0.099,0.741,0.681,0.403,0.529,0.242,0.238,1,1,0.25,0.787,0.824,0.68,0.601,0.713,0.741,0.734,1,0.612,0.493,0.592,0.306,0.119,0.778,1,0.657,0.731,1,0.571,0.11,0.459
"CDH17",0.099,0.558,0.428,0.72,0.536,0.566,0.461,0.594,0.512,0.465,0.54,0.293,0.559,0.54,0.495,0.586,0.624,1,0.502,0.537,0.545,0.545,0.42,0.429,0.287,0.483,0.529,0.419,0.477,0.611,0.473,0.412,0.418,0.468,0.554,1,0.099,0.537,0.525,0.355,0.472,0.172,0.238,1,1,0.206,0.613,0.614,0.598,0.475,0.544,0.537,0.533,1,0.482,0.431,0.528,0.306,0.088,0.558,1,0.523,0.585,1,0.41,0.11,0.453
"CFLAR",0.123,0.543,0.506,0.59,0.56,0.592,0.441,0.585,0.723,0.763,0.5,0.287,0.553,0.527,0.478,0.555,0.62,0.502,1,0.518,0.489,0.677,0.398,0.405,0.187,0.513,0.524,0.454,0.475,0.609,0.458,0.37,0.261,0.432,0.542,0.531,0.47,0.518,0.507,0.346,0.479,0.172,0.238,1,1,0.207,0.609,0.609,0.528,0.45,0.572,0.518,0.514,1,0.465,0.409,0.444,0.306,0.108,0.543,1,0.535,0.522,1,0.471,0.11,0.389
"DCC",0.13,0.625,0.421,0.642,0.564,0.625,0.457,0.688,0.533,0.465,0.56,0.344,0.593,0.576,0.506,0.591,0.741,0.537,0.518,1,0.525,0.59,0.402,0.413,0.201,0.509,0.573,0.723,0.571,0.682,0.476,0.566,0.284,0.638,0.597,0.531,0.099,0.588,0.559,0.655,0.473,0.214,0.238,1,1,0.232,0.685,0.701,0.578,0.479,0.59,0.588,0.906,1,0.49,0.416,0.469,0.306,0.119,0.625,1,0.539,0.563,1,0.453,0.11,0.391
"DCD",0.117,0.775,0.432,0.594,0.528,0.56,0.464,0.592,0.5,0.455,0.661,0.288,0.554,0.532,0.626,0.666,0.627,0.545,0.489,0.525,1,0.536,0.48,0.463,0.205,0.518,0.561,0.43,0.484,0.612,0.677,0.55,0.271,0.466,0.753,0.531,0.099,0.525,0.785,0.336,0.469,0.456,0.67,1,1,0.391,0.613,0.615,0.534,0.456,0.536,0.525,0.52,1,0.472,0.527,0.528,0.306,0.105,0.673,1,0.516,0.526,1,0.405,0.11,0.496
"DLC1",0.114,0.62,0.464,0.637,0.569,0.672,0.477,0.67,0.543,0.475,0.568,0.329,0.596,0.579,0.518,0.591,0.713,0.545,0.677,0.59,0.536,1,0.424,0.436,0.19,0.506,0.573,0.464,0.546,0.671,0.494,0.389,0.264,0.459,0.597,0.531,0.099,0.59,0.566,0.36,0.484,0.194,0.238,1,1,0.22,0.673,0.684,0.581,0.499,0.592,0.59,0.585,1,0.508,0.437,0.491,0.306,0.103,0.62,1,0.544,0.567,1,0.452,0.11,0.412
"DLX2",0.101,0.518,0.384,0.5,0.438,0.501,0.368,0.452,0.407,0.403,0.388,0.212,0.468,0.432,0.401,0.484,0.479,0.42,0.398,0.402,0.48,0.424,1,0.914,0.159,0.734,0.424,0.355,0.366,0.496,0.455,0.324,0.243,0.399,0.639,0.531,0.099,0.402,0.502,0.297,0.405,0.238,0.289,1,1,0.86,0.498,0.486,0.523,0.362,0.424,0.402,0.399,1,0.368,0.957,0.357,0.306,0.09,0.607,1,0.447,0.437,1,0.307,0.11,0.867
"E2F6",0.098,0.503,0.387,0.516,0.449,0.502,0.367,0.47,0.415,0.408,0.397,0.222,0.48,0.443,0.408,0.495,0.5,0.429,0.405,0.413,0.463,0.436,0.914,1,0.156,0.701,0.432,0.369,0.382,0.515,0.432,0.324,0.241,0.394,0.589,0.531,0.099,0.413,0.482,0.3,0.41,0.205,0.255,1,1,0.799,0.516,0.505,0.516,0.366,0.436,0.413,0.408,1,0.373,0.878,0.36,0.306,0.087,0.567,1,0.456,0.447,1,0.314,0.11,0.869
"ENOSF1",0.163,0.211,0.197,0.316,0.226,0.204,0.219,0.21,0.218,0.204,0.187,0.079,0.172,0.169,0.2,0.208,0.225,0.287,0.187,0.201,0.205,0.19,0.159,0.156,1,0.16,0.247,0.136,0.159,0.202,0.186,0.138,0.56,0.205,0.202,0.169,0.137,0.201,0.198,0.17,0.178,0.085,0.1,0.311,0.311,0.116,0.218,0.239,0.294,0.199,0.214,0.201,0.197,0.311,0.198,0.166,0.165,0.21,0.143,0.211,0.311,0.19,0.28,0.311,0.164,0.151,0.221
"ESR1",0.093,0.517,0.548,0.525,0.509,0.524,0.467,0.504,0.48,0.481,0.48,0.211,0.5,0.489,0.49,0.518,0.523,0.483,0.513,0.509,0.518,0.506,0.734,0.701,0.16,1,0.501,0.413,0.405,0.526,0.495,0.462,0.229,0.52,0.58,0.531,0.099,0.484,0.511,0.355,0.47,0.165,0.285,1,1,0.467,0.511,0.541,0.533,0.468,0.488,0.484,0.501,1,0.472,0.73,0.467,0.306,0.079,0.543,1,0.561,0.507,1,0.409,0.11,0.701
"FABP1",0.164,0.588,0.468,0.62,0.565,0.604,0.472,0.639,0.535,0.482,0.542,0.32,0.576,0.556,0.524,0.596,0.681,0.529,0.524,0.573,0.561,0.573,0.424,0.432,0.247,0.501,1,0.469,0.528,0.648,0.479,0.393,0.328,0.46,0.575,0.531,0.141,0.573,0.539,0.398,0.489,0.217,0.238,1,1,0.251,0.65,0.658,0.57,0.489,0.573,0.573,0.565,1,0.505,0.436,0.477,0.412,0.152,0.588,1,0.539,0.554,1,0.443,0.159,0.408
"FCRL3",0.087,0.49,0.358,0.462,0.462,0.481,0.401,0.512,0.434,0.372,0.469,0.198,0.428,0.435,0.408,0.427,0.533,0.419,0.454,0.723,0.43,0.464,0.355,0.369,0.136,0.413,0.469,1,0.387,0.487,0.405,0.483,0.19,0.523,0.454,0.333,0.073,0.482,0.449,0.481,0.361,0.12,0.128,0.657,0.657,0.153,0.492,0.511,0.45,0.424,0.464,0.482,0.669,0.657,0.427,0.361,0.42,0.246,0.075,0.49,0.657,0.493,0.431,0.657,0.563,0.081,0.337
"FSD1",0.093,0.598,0.398,0.629,0.587,0.575,0.428,0.716,0.521,0.443,0.549,0.283,0.506,0.51,0.456,0.501,0.84,0.477,0.475,0.571,0.484,0.546,0.366,0.382,0.159,0.405,0.528,0.387,1,0.7,0.442,0.326,0.212,0.461,0.535,0.411,0.073,0.571,0.521,0.298,0.517,0.166,0.171,0.788,0.788,0.182,0.604,0.636,0.522,0.461,0.553,0.571,0.565,0.788,0.47,0.376,0.455,0.246,0.084,0.598,0.788,0.543,0.623,0.788,0.425,0.081,0.348
"GDF5",0.111,0.707,0.495,0.73,0.68,0.698,0.56,0.773,0.618,0.553,0.664,0.496,0.763,0.726,0.587,0.637,0.855,0.611,0.609,0.682,0.612,0.671,0.496,0.515,0.202,0.526,0.648,0.487,0.7,1,0.575,0.452,0.263,0.56,0.665,0.531,0.099,0.682,0.648,0.406,0.535,0.201,0.238,1,1,0.229,0.732,0.75,0.651,0.591,0.671,0.682,0.678,1,0.599,0.508,0.584,0.306,0.099,0.707,1,0.641,0.694,1,0.521,0.11,0.478
"GFM1",0.115,0.795,0.41,0.564,0.502,0.518,0.432,0.543,0.492,0.471,0.457,0.258,0.525,0.495,0.449,0.534,0.578,0.473,0.458,0.476,0.677,0.494,0.455,0.432,0.186,0.495,0.479,0.405,0.442,0.575,1,0.348,0.25,0.447,0.768,0.531,0.147,0.476,0.802,0.316,0.446,0.482,0.67,1,1,0.408,0.577,0.573,0.497,0.414,0.506,0.476,0.471,1,0.685,0.519,0.407,0.306,0.101,0.66,1,0.492,0.494,1,0.363,0.11,0.489
"GRIA1",0.086,0.382,0.371,0.461,0.406,0.421,0.339,0.408,0.377,0.383,0.471,0.186,0.433,0.398,0.41,0.481,0.429,0.412,0.37,0.566,0.55,0.389,0.324,0.324,0.138,0.462,0.393,0.483,0.326,0.452,0.348,1,0.22,0.527,0.409,0.531,0.099,0.368,0.374,0.553,0.384,0.124,0.238,1,1,0.167,0.56,0.439,0.399,0.338,0.389,0.368,0.509,1,0.343,0.332,0.368,0.306,0.074,0.382,1,0.419,0.405,1,0.279,0.11,0.323
"HMGCL",0.141,0.276,0.247,0.431,0.275,0.278,0.262,0.275,0.264,0.239,0.262,0.114,0.236,0.24,0.258,0.26,0.287,0.418,0.261,0.284,0.271,0.264,0.243,0.241,0.56,0.229,0.328,0.19,0.212,0.263,0.25,0.22,1,0.296,0.264,0.197,0.141,0.284,0.263,0.249,0.235,0.123,0.143,0.357,0.357,0.17,0.276,0.296,0.445,0.257,0.266,0.376,0.279,0.357,0.262,0.25,0.248,1,0.125,0.276,0.357,0.238,0.405,0.357,0.208,0.159,0.359
"HTR2A",0.102,0.497,0.436,0.571,0.501,0.477,0.417,0.504,0.44,0.45,0.431,0.231,0.491,0.463,0.432,0.503,0.559,0.468,0.432,0.638,0.466,0.459,0.399,0.394,0.205,0.52,0.46,0.523,0.461,0.56,0.447,0.527,0.296,1,0.514,0.531,0.099,0.444,0.487,0.483,0.442,0.219,0.329,1,1,0.267,0.523,0.515,0.478,0.404,0.459,0.444,0.648,1,0.427,0.421,0.399,0.306,0.09,0.497,1,0.506,0.524,1,0.342,0.11,0.41
"IFI16",0.111,0.896,0.445,0.637,0.576,0.622,0.522,0.664,0.554,0.486,0.578,0.312,0.597,0.585,0.53,0.595,0.699,0.554,0.542,0.597,0.753,0.597,0.639,0.589,0.202,0.58,0.575,0.454,0.535,0.665,0.768,0.409,0.264,0.514,1,0.531,0.099,0.597,0.889,0.354,0.502,0.504,0.67,1,1,0.555,0.667,0.677,0.587,0.517,0.597,0.597,0.592,1,0.534,0.688,0.511,0.306,0.099,0.863,1,0.556,0.574,1,0.457,0.11,0.643
"ITGBL1",0.081,0.531,0.531,0.531,0.531,0.531,0.531,0.531,0.531,0.531,0.531,0.363,0.531,0.531,0.531,0.655,0.531,1,0.531,0.531,0.531,0.531,0.531,0.531,0.169,0.531,0.531,0.333,0.411,0.531,0.531,0.531,0.197,0.531,0.531,1,0.057,0.531,0.531,0.528,0.531,0.145,0.133,0.531,0.531,0.184,0.531,0.531,0.531,0.531,0.531,0.531,0.531,0.531,0.531,0.531,0.531,0.17,0.069,0.531,0.531,0.531,0.531,0.531,0.411,0.062,0.531
"KLK2",0.137,0.099,0.247,0.099,0.296,0.099,0.137,0.099,0.497,0.625,0.099,0.036,0.099,0.099,0.099,0.099,0.099,0.099,0.47,0.099,0.099,0.099,0.099,0.099,0.137,0.099,0.141,0.073,0.073,0.099,0.147,0.099,0.141,0.099,0.099,0.057,1,0.099,0.099,0.141,0.207,0.037,0.034,0.099,0.099,0.073,0.099,0.099,0.099,0.1,0.275,0.099,0.099,0.099,0.147,0.099,0.099,0.141,0.11,0.099,0.099,0.236,0.103,0.099,0.155,0.099,0.099
"LRP1B",0.13,0.625,0.421,0.642,0.564,0.625,0.457,0.688,0.533,0.465,0.56,0.344,0.593,0.576,0.506,0.591,0.741,0.537,0.518,0.588,0.525,0.59,0.402,0.413,0.201,0.484,0.573,0.482,0.571,0.682,0.476,0.368,0.284,0.444,0.597,0.531,0.099,1,0.559,0.46,0.473,0.214,0.238,1,1,0.232,0.685,0.701,0.578,0.479,0.59,0.588,0.581,1,0.49,0.416,0.469,0.306,0.119,0.625,1,0.539,0.563,1,0.453,0.11,0.391
"LUC7L3",0.111,0.969,0.427,0.62,0.549,0.594,0.484,0.639,0.52,0.463,0.536,0.306,0.576,0.556,0.498,0.577,0.681,0.525,0.507,0.559,0.785,0.566,0.502,0.482,0.198,0.511,0.539,0.449,0.521,0.648,0.802,0.374,0.263,0.487,0.889,0.531,0.099,0.559,1,0.337,0.478,0.695,0.767,1,1,0.473,0.65,0.658,0.559,0.472,0.565,0.559,0.553,1,0.491,0.579,0.464,0.306,0.101,0.795,1,0.53,0.547,1,0.427,0.11,0.539
"MARCO",0.141,0.36,0.302,0.381,0.366,0.38,0.322,0.382,0.351,0.324,0.346,0.322,0.461,0.453,0.376,0.403,0.403,0.355,0.346,0.655,0.336,0.36,0.297,0.3,0.17,0.355,0.398,0.481,0.298,0.406,0.316,0.553,0.249,0.483,0.354,0.528,0.141,0.46,0.337,1,0.314,0.131,0.143,0.657,0.657,0.178,0.55,0.397,0.366,0.331,0.36,0.368,0.585,0.657,0.324,0.303,0.322,0.412,0.127,0.36,0.657,0.349,0.35,0.657,0.273,0.159,0.282
"MARK4",0.111,0.495,0.662,0.533,0.621,0.498,0.474,0.51,0.542,0.501,0.463,0.221,0.507,0.485,0.46,0.515,0.529,0.472,0.479,0.473,0.469,0.484,0.405,0.41,0.178,0.47,0.489,0.361,0.517,0.535,0.446,0.384,0.235,0.442,0.502,0.531,0.207,0.473,0.478,0.314,1,0.149,0.238,1,1,0.194,0.536,0.53,0.486,0.481,0.577,0.473,0.471,1,0.505,0.418,0.433,0.306,0.096,0.495,1,0.541,0.488,1,0.402,0.122,0.404
"MIR134",0.052,0.605,0.138,0.211,0.18,0.208,0.199,0.226,0.176,0.137,0.2,0.077,0.163,0.166,0.196,0.195,0.242,0.172,0.172,0.214,0.456,0.194,0.238,0.205,0.085,0.165,0.217,0.12,0.166,0.201,0.482,0.124,0.123,0.219,0.504,0.145,0.037,0.214,0.695,0.131,0.149,1,1,0.269,0.269,0.35,0.217,0.247,0.195,0.17,0.194,0.214,0.209,0.269,0.192,0.31,0.167,0.164,0.045,0.44,0.269,0.151,0.175,0.269,0.147,0.04,0.279
"MIR488",0.053,0.67,0.238,0.238,0.238,0.238,0.256,0.238,0.238,0.238,0.238,0.076,0.238,0.238,0.238,0.238,0.238,0.238,0.238,0.238,0.67,0.238,0.289,0.255,0.1,0.285,0.238,0.128,0.171,0.238,0.67,0.238,0.143,0.329,0.67,0.133,0.034,0.238,0.767,0.143,0.238,1,1,0.238,0.238,0.464,0.238,0.238,0.238,0.238,0.238,0.238,0.238,0.238,0.238,0.464,0.238,0.143,0.041,0.464,0.238,0.238,0.238,0.238,0.171,0.037,0.464
"MUC16",0.147,1,1,1,1,1,1,1,1,1,1,0.473,1,1,1,1,1,1,1,1,1,1,1,1,0.311,1,1,0.657,0.788,1,1,1,0.357,1,1,0.531,0.099,1,1,0.657,1,0.269,0.238,1,1,0.325,1,1,1,1,1,1,1,1,1,1,1,0.306,0.128,1,1,1,1,1,0.788,0.11,1
"NUP43",0.147,1,1,1,1,1,1,1,1,1,1,0.473,1,1,1,1,1,1,1,1,1,1,1,1,0.311,1,1,0.657,0.788,1,1,1,0.357,1,1,0.531,0.099,1,1,0.657,1,0.269,0.238,1,1,0.325,1,1,1,1,1,1,1,1,1,1,1,0.306,0.128,1,1,1,1,1,0.788,0.11,1
"PAX4",0.079,0.454,0.184,0.241,0.216,0.275,0.244,0.238,0.209,0.181,0.217,0.094,0.2,0.2,0.226,0.231,0.25,0.206,0.207,0.232,0.391,0.22,0.86,0.799,0.116,0.467,0.251,0.153,0.182,0.229,0.408,0.167,0.17,0.267,0.555,0.184,0.073,0.232,0.473,0.178,0.194,0.35,0.464,0.325,0.325,1,0.242,0.261,0.29,0.202,0.22,0.232,0.228,0.325,0.222,0.911,0.197,0.246,0.07,0.613,0.325,0.192,0.211,0.325,0.167,0.081,0.834
"PFDN4",0.12,0.71,0.467,0.732,0.634,0.697,0.562,0.752,0.62,0.524,0.666,0.353,0.65,0.651,0.641,0.678,0.787,0.613,0.609,0.685,0.613,0.673,0.498,0.516,0.218,0.511,0.65,0.492,0.604,0.732,0.577,0.56,0.276,0.523,0.667,0.531,0.099,0.685,0.65,0.55,0.536,0.217,0.238,1,1,0.242,1,0.752,0.653,0.593,0.673,0.685,0.68,1,0.601,0.509,0.586,0.306,0.107,0.71,1,0.595,0.633,1,0.526,0.11,0.48
"PHC3",0.133,0.731,0.46,0.699,0.638,0.713,0.556,0.781,0.622,0.518,0.679,0.379,0.655,0.658,0.587,0.68,0.824,0.614,0.609,0.701,0.615,0.684,0.486,0.505,0.239,0.541,0.658,0.511,0.636,0.75,0.573,0.439,0.296,0.515,0.677,0.531,0.099,0.701,0.658,0.397,0.53,0.247,0.238,1,1,0.261,0.752,1,0.721,0.591,0.684,0.701,0.696,1,0.6,0.499,0.584,0.306,0.121,0.731,1,0.595,0.637,1,0.542,0.11,0.467
"PHF14",0.121,0.603,0.435,0.676,0.563,0.662,0.482,0.645,0.54,0.478,0.559,0.305,0.586,0.571,0.518,0.62,0.68,0.598,0.528,0.578,0.534,0.581,0.523,0.516,0.294,0.533,0.57,0.45,0.522,0.651,0.497,0.399,0.445,0.478,0.587,0.531,0.099,0.578,0.559,0.366,0.486,0.195,0.238,1,1,0.29,0.653,0.721,1,0.501,0.581,0.578,0.573,1,0.509,0.534,0.495,0.306,0.109,0.603,1,0.542,0.649,1,0.443,0.11,0.61
"POLR3A",0.141,0.508,0.467,0.575,0.564,0.527,0.409,0.559,0.472,0.444,0.456,0.274,0.532,0.499,0.448,0.541,0.601,0.475,0.45,0.479,0.456,0.499,0.362,0.366,0.199,0.468,0.489,0.424,0.461,0.591,0.414,0.338,0.257,0.404,0.517,0.531,0.1,0.479,0.472,0.331,0.481,0.17,0.238,1,1,0.202,0.593,0.591,0.501,1,0.505,0.479,0.473,1,0.415,0.375,0.398,0.306,0.123,0.508,1,0.53,0.498,1,0.399,0.201,0.356
"PPP2CB",0.14,0.62,0.466,0.637,0.625,0.62,0.49,0.67,0.664,0.584,0.568,0.32,0.594,0.579,0.518,0.591,0.713,0.544,0.572,0.59,0.536,0.592,0.424,0.436,0.214,0.488,0.573,0.464,0.553,0.671,0.506,0.389,0.266,0.459,0.597,0.531,0.275,0.59,0.565,0.36,0.577,0.194,0.238,1,1,0.22,0.673,0.684,0.581,0.505,1,0.59,0.584,1,0.522,0.437,0.491,0.306,0.126,0.62,1,0.586,0.571,1,0.495,0.127,0.412
"PRG2",0.13,0.625,0.421,0.642,0.564,0.625,0.457,0.688,0.533,0.465,0.56,0.344,0.593,0.576,0.506,0.591,0.741,0.537,0.518,0.588,0.525,0.59,0.402,0.413,0.201,0.484,0.573,0.482,0.571,0.682,0.476,0.368,0.376,0.444,0.597,0.531,0.099,0.588,0.559,0.368,0.473,0.214,0.238,1,1,0.232,0.685,0.701,0.578,0.479,0.59,1,0.581,1,0.49,0.416,0.469,0.598,0.119,0.625,1,0.539,0.563,1,0.453,0.11,0.391
"PROKR2",0.124,0.618,0.42,0.639,0.56,0.619,0.452,0.681,0.529,0.462,0.553,0.339,0.589,0.571,0.502,0.588,0.734,0.533,0.514,0.906,0.52,0.585,0.399,0.408,0.197,0.501,0.565,0.669,0.565,0.678,0.471,0.509,0.279,0.648,0.592,0.531,0.099,0.581,0.553,0.585,0.471,0.209,0.238,1,1,0.228,0.68,0.696,0.573,0.473,0.584,0.581,1,1,0.484,0.413,0.463,0.306,0.114,0.618,1,0.536,0.558,1,0.447,0.11,0.388
"PSMD8",0.147,1,1,1,1,1,1,1,1,1,1,0.473,1,1,1,1,1,1,1,1,1,1,1,1,0.311,1,1,0.657,0.788,1,1,1,0.357,1,1,0.531,0.099,1,1,0.657,1,0.269,0.238,1,1,0.325,1,1,1,1,1,1,1,1,1,1,1,0.306,0.128,1,1,1,1,1,0.788,0.11,1
"RAB17",0.117,0.531,0.446,0.581,0.514,0.537,0.45,0.57,0.505,0.476,0.467,0.28,0.538,0.507,0.459,0.546,0.612,0.482,0.465,0.49,0.472,0.508,0.368,0.373,0.198,0.472,0.505,0.427,0.47,0.599,0.685,0.343,0.262,0.427,0.534,0.531,0.147,0.49,0.491,0.324,0.505,0.192,0.238,1,1,0.222,0.601,0.6,0.509,0.415,0.522,0.49,0.484,1,1,0.387,0.407,0.306,0.104,0.531,1,0.5,0.504,1,0.376,0.11,0.367
"RFX2",0.105,0.578,0.393,0.51,0.448,0.513,0.392,0.466,0.418,0.41,0.402,0.218,0.477,0.443,0.411,0.492,0.493,0.431,0.409,0.416,0.527,0.437,0.957,0.878,0.166,0.73,0.436,0.361,0.376,0.508,0.519,0.332,0.25,0.421,0.688,0.531,0.099,0.416,0.579,0.303,0.418,0.31,0.464,1,1,0.911,0.509,0.499,0.534,0.375,0.437,0.416,0.413,1,0.387,1,0.37,0.306,0.093,0.697,1,0.455,0.447,1,0.318,0.11,0.907
"SLC35B4",0.1,0.499,0.399,0.57,0.493,0.52,0.391,0.549,0.456,0.429,0.486,0.271,0.526,0.493,0.442,0.536,0.592,0.528,0.444,0.469,0.528,0.491,0.357,0.36,0.165,0.467,0.477,0.42,0.455,0.584,0.407,0.368,0.248,0.399,0.511,0.531,0.099,0.469,0.464,0.322,0.433,0.167,0.238,1,1,0.197,0.586,0.584,0.495,0.398,0.491,0.469,0.463,1,0.407,0.37,1,0.306,0.091,0.499,1,0.489,0.492,1,0.36,0.11,0.351
"SPRR1B",0.21,0.306,0.306,0.306,0.306,0.306,0.306,0.306,0.306,0.306,0.306,0.156,0.306,0.306,0.306,0.306,0.306,0.306,0.306,0.306,0.306,0.306,0.306,0.306,0.21,0.306,0.412,0.246,0.246,0.306,0.306,0.306,1,0.306,0.306,0.17,0.141,0.306,0.306,0.412,0.306,0.164,0.143,0.306,0.306,0.246,0.306,0.306,0.306,0.306,0.306,0.598,0.306,0.306,0.306,0.306,0.306,1,0.187,0.306,0.306,0.306,0.306,0.306,0.246,0.159,0.306
"STEAP2",0.292,0.112,0.104,0.103,0.141,0.113,0.233,0.112,0.134,0.127,0.103,0.041,0.081,0.084,0.097,0.096,0.119,0.088,0.108,0.119,0.105,0.103,0.09,0.087,0.143,0.079,0.152,0.075,0.084,0.099,0.101,0.074,0.125,0.09,0.099,0.069,0.11,0.119,0.101,0.127,0.096,0.045,0.041,0.128,0.128,0.07,0.107,0.121,0.109,0.123,0.126,0.119,0.114,0.128,0.104,0.093,0.091,0.187,1,0.112,0.128,0.104,0.149,0.128,0.1,0.122,0.081
"TIPIN",0.122,0.847,0.434,0.661,0.586,0.655,0.51,0.725,0.558,0.477,0.597,0.357,0.612,0.6,0.527,0.605,0.778,0.558,0.543,0.625,0.673,0.62,0.607,0.567,0.211,0.543,0.588,0.49,0.598,0.707,0.66,0.382,0.276,0.497,0.863,0.531,0.099,0.625,0.795,0.36,0.495,0.44,0.464,1,1,0.613,0.71,0.731,0.603,0.508,0.62,0.625,0.618,1,0.531,0.697,0.499,0.306,0.112,1,1,0.554,0.584,1,0.481,0.11,0.641
"TM9SF4",0.147,1,1,1,1,1,1,1,1,1,1,0.473,1,1,1,1,1,1,1,1,1,1,1,1,0.311,1,1,0.657,0.788,1,1,1,0.357,1,1,0.531,0.099,1,1,0.657,1,0.269,0.238,1,1,0.325,1,1,1,1,1,1,1,1,1,1,1,0.306,0.128,1,1,1,1,1,0.788,0.11,1
"TRIM68",0.121,0.554,0.573,0.624,0.732,0.56,0.496,0.664,0.575,0.582,0.528,0.259,0.566,0.541,0.506,0.559,0.657,0.523,0.535,0.539,0.516,0.544,0.447,0.456,0.19,0.561,0.539,0.493,0.543,0.641,0.492,0.419,0.238,0.506,0.556,0.531,0.236,0.539,0.53,0.349,0.541,0.151,0.238,1,1,0.192,0.595,0.595,0.542,0.53,0.586,0.539,0.536,1,0.5,0.455,0.489,0.306,0.104,0.554,1,1,0.638,1,0.684,0.141,0.437
"TYR",0.169,0.584,0.503,0.709,0.62,0.589,0.529,0.741,0.537,0.523,0.547,0.285,0.588,0.56,0.513,0.576,0.731,0.585,0.522,0.563,0.526,0.567,0.437,0.447,0.28,0.507,0.554,0.431,0.623,0.694,0.494,0.405,0.405,0.524,0.574,0.531,0.103,0.563,0.547,0.35,0.488,0.175,0.238,1,1,0.211,0.633,0.637,0.649,0.498,0.571,0.563,0.558,1,0.504,0.447,0.492,0.306,0.149,0.584,1,0.638,1,1,0.43,0.113,0.491
"UBE2V2",0.147,1,1,1,1,1,1,1,1,1,1,0.473,1,1,1,1,1,1,1,1,1,1,1,1,0.311,1,1,0.657,0.788,1,1,1,0.357,1,1,0.531,0.099,1,1,0.657,1,0.269,0.238,1,1,0.325,1,1,1,1,1,1,1,1,1,1,1,0.306,0.128,1,1,1,1,1,0.788,0.11,1
"UBE4B",0.114,0.481,0.406,0.494,0.627,0.481,0.36,0.528,0.462,0.434,0.431,0.242,0.447,0.432,0.389,0.454,0.571,0.41,0.471,0.453,0.405,0.452,0.307,0.314,0.164,0.409,0.443,0.563,0.425,0.521,0.363,0.279,0.208,0.342,0.457,0.411,0.155,0.453,0.427,0.273,0.402,0.147,0.171,0.788,0.788,0.167,0.526,0.542,0.443,0.399,0.495,0.453,0.447,0.788,0.376,0.318,0.36,0.246,0.1,0.481,0.788,0.684,0.43,0.788,1,0.092,0.296
"WARS2",0.151,0.11,0.151,0.11,0.177,0.11,0.151,0.11,0.141,0.177,0.11,0.039,0.11,0.11,0.11,0.11,0.11,0.11,0.11,0.11,0.11,0.11,0.11,0.11,0.151,0.11,0.159,0.081,0.081,0.11,0.11,0.11,0.159,0.11,0.11,0.062,0.099,0.11,0.11,0.159,0.122,0.04,0.037,0.11,0.11,0.081,0.11,0.11,0.11,0.201,0.127,0.11,0.11,0.11,0.11,0.11,0.11,0.159,0.122,0.11,0.11,0.141,0.113,0.11,0.092,1,0.11
"ZBTB32",0.092,0.534,0.384,0.524,0.426,0.464,0.373,0.435,0.397,0.397,0.378,0.197,0.455,0.42,0.392,0.471,0.459,0.453,0.389,0.391,0.496,0.412,0.867,0.869,0.221,0.701,0.408,0.337,0.348,0.478,0.489,0.323,0.359,0.41,0.643,0.531,0.099,0.391,0.539,0.282,0.404,0.279,0.464,1,1,0.834,0.48,0.467,0.61,0.356,0.412,0.391,0.388,1,0.367,0.907,0.351,0.306,0.081,0.641,1,0.437,0.491,1,0.296,0.11,1
